,class,largest spot,spot distribution,activity,evolution,24 hour flare activity,historically complex,complexity on this sun disk pass,area,area of largest spot,total flares
0,6,4.0,1.0,1.0,3.0,1.0,1.0,1.0,1.0,1.0,72.0
1,3,2.0,2.0,1.0,3.0,1.0,1.0,2.0,1.0,1.0,4.0
2,2,3.0,,1.0,3.0,1.0,1.0,2.0,1.0,1.0,4.0
3,6,2.0,1.0,1.0,2.0,1.0,1.0,1.0,1.0,1.0,24.0
4,6,3.0,1.0,1.0,1.0,1.0,1.0,2.0,1.0,1.0,9.0
5,2,4.0,2.0,1.0,2.0,1.0,1.0,2.0,1.0,1.0,4.0
6,1,1.0,2.0,1.0,3.0,1.0,1.0,2.0,1.0,1.0,1.0
7,2,4.0,2.0,1.0,3.0,1.0,1.0,2.0,1.0,1.0,6.0
8,2,4.0,2.0,1.0,2.0,1.0,1.0,2.0,1.0,1.0,4.0
9,1,1.0,2.0,1.0,3.0,1.0,,2.0,1.0,1.0,1.0
10,2,4.0,2.0,1.0,2.0,1.0,1.0,2.0,1.0,1.0,4.0
11,1,1.0,2.0,1.0,3.0,1.0,1.0,2.0,1.0,1.0,1.0
12,1,1.0,3.0,1.0,2.0,1.0,1.0,2.0,1.0,1.0,0.0
13,2,3.0,2.0,2.0,2.0,1.0,1.0,2.0,1.0,1.0,6.0
14,1,1.0,2.0,1.0,3.0,1.0,1.0,2.0,1.0,1.0,1.0
15,1,1.0,2.0,1.0,2.0,1.0,1.0,2.0,1.0,1.0,0.0
16,3,2.0,3.0,1.0,3.0,1.0,1.0,2.0,1.0,1.0,3.0
17,6,3.0,1.0,,3.0,1.0,1.0,2.0,1.0,1.0,27.0
18,1,1.0,2.0,1.0,2.0,1.0,1.0,2.0,1.0,1.0,0.0
19,1,1.0,2.0,1.0,2.0,1.0,2.0,2.0,1.0,1.0,0.0
20,6,3.0,1.0,1.0,2.0,1.0,,2.0,1.0,1.0,18.0
21,1,1.0,2.0,1.0,3.0,1.0,1.0,2.0,1.0,1.0,1.0
22,1,1.0,2.0,2.0,2.0,1.0,2.0,2.0,1.0,1.0,0.0
23,2,2.0,2.0,1.0,3.0,1.0,1.0,2.0,1.0,1.0,3.0
24,1,1.0,2.0,1.0,2.0,1.0,2.0,2.0,1.0,1.0,0.0
25,1,1.0,2.0,1.0,3.0,1.0,1.0,2.0,1.0,1.0,1.0
26,3,4.0,3.0,2.0,3.0,1.0,1.0,2.0,1.0,1.0,12.0
27,1,1.0,2.0,1.0,3.0,1.0,1.0,2.0,1.0,1.0,1.0
28,3,2.0,2.0,1.0,3.0,1.0,1.0,2.0,1.0,,4.0
29,1,1.0,2.0,1.0,3.0,1.0,1.0,2.0,1.0,1.0,1.0
30,1,1.0,2.0,1.0,1.0,1.0,2.0,2.0,1.0,1.0,0.0
31,1,1.0,2.0,1.0,1.0,1.0,1.0,2.0,1.0,1.0,
32,2,2.0,3.0,2.0,1.0,1.0,2.0,2.0,1.0,1.0,1.0
33,1,1.0,2.0,1.0,3.0,1.0,1.0,2.0,1.0,1.0,1.0
34,3,2.0,3.0,1.0,3.0,1.0,2.0,2.0,1.0,1.0,2.0
35,1,1.0,2.0,1.0,2.0,1.0,1.0,2.0,1.0,1.0,0.0
36,2,2.0,2.0,1.0,3.0,1.0,1.0,2.0,1.0,1.0,3.0
37,4,4.0,4.0,1.0,3.0,1.0,1.0,2.0,1.0,1.0,6.0
38,6,4.0,1.0,1.0,2.0,1.0,1.0,1.0,1.0,1.0,48.0
39,1,1.0,2.0,1.0,2.0,1.0,2.0,2.0,1.0,1.0,0.0
40,1,1.0,2.0,1.0,3.0,1.0,1.0,2.0,1.0,1.0,1.0
41,1,1.0,2.0,1.0,2.0,1.0,,2.0,1.0,1.0,0.0
42,3,6.0,3.0,2.0,3.0,1.0,2.0,2.0,1.0,1.0,9.0
43,4,4.0,3.0,2.0,2.0,1.0,1.0,2.0,1.0,1.0,11.0
44,3,4.0,3.0,1.0,3.0,,2.0,2.0,1.0,1.0,3.0
45,1,1.0,2.0,1.0,3.0,1.0,1.0,2.0,1.0,1.0,1.0
46,6,2.0,1.0,1.0,2.0,1.0,1.0,2.0,1.0,1.0,12.0
47,2,2.0,2.0,1.0,2.0,1.0,1.0,2.0,1.0,1.0,2.0
48,3,4.0,2.0,2.0,3.0,3.0,2.0,2.0,1.0,1.0,27.0
49,4,3.0,2.0,2.0,3.0,1.0,2.0,2.0,1.0,1.0,9.0
50,2,2.0,2.0,1.0,3.0,,1.0,2.0,1.0,1.0,3.0
51,4,3.0,3.0,2.0,3.0,1.0,2.0,2.0,1.0,,6.0
52,2,2.0,2.0,1.0,3.0,1.0,1.0,2.0,1.0,1.0,3.0
53,3,4.0,3.0,2.0,3.0,1.0,,2.0,1.0,,6.0
54,4,4.0,,2.0,3.0,1.0,2.0,2.0,1.0,1.0,8.0
55,6,3.0,1.0,1.0,3.0,,1.0,1.0,1.0,1.0,54.0
56,3,4.0,2.0,1.0,3.0,1.0,1.0,2.0,1.0,1.0,9.0
57,3,2.0,2.0,1.0,,1.0,1.0,2.0,1.0,1.0,4.0
58,3,3.0,2.0,1.0,3.0,1.0,2.0,,1.0,1.0,3.0
59,1,1.0,2.0,1.0,2.0,1.0,1.0,2.0,1.0,1.0,0.0
60,3,4.0,3.0,2.0,2.0,1.0,2.0,2.0,1.0,1.0,4.0
61,4,4.0,3.0,2.0,3.0,3.0,2.0,2.0,1.0,1.0,24.0
62,6,3.0,1.0,1.0,1.0,1.0,1.0,1.0,1.0,1.0,18.0
63,3,3.0,3.0,2.0,,1.0,1.0,2.0,1.0,1.0,9.0
64,3,3.0,2.0,2.0,3.0,2.0,1.0,2.0,1.0,1.0,27.0
65,3,2.0,2.0,1.0,3.0,1.0,1.0,2.0,1.0,1.0,4.0
66,3,3.0,2.0,1.0,3.0,,2.0,2.0,1.0,1.0,3.0
67,3,3.0,2.0,1.0,3.0,1.0,1.0,2.0,1.0,1.0,7.0
68,3,3.0,2.0,1.0,2.0,1.0,2.0,2.0,1.0,1.0,2.0
69,4,6.0,4.0,2.0,3.0,3.0,2.0,2.0,2.0,1.0,54.0
70,6,2.0,1.0,1.0,3.0,,,1.0,1.0,1.0,36.0
71,3,4.0,2.0,1.0,2.0,1.0,2.0,2.0,1.0,1.0,3.0
72,2,3.0,3.0,1.0,3.0,1.0,1.0,2.0,1.0,1.0,3.0
73,2,3.0,2.0,1.0,2.0,1.0,1.0,2.0,1.0,1.0,3.0
74,1,1.0,2.0,1.0,3.0,1.0,1.0,2.0,1.0,1.0,1.0
75,1,1.0,2.0,1.0,3.0,,1.0,2.0,1.0,,1.0
76,3,3.0,2.0,1.0,2.0,1.0,2.0,2.0,1.0,1.0,2.0
77,3,4.0,3.0,1.0,3.0,1.0,1.0,2.0,1.0,1.0,6.0
78,3,3.0,2.0,1.0,2.0,1.0,2.0,2.0,1.0,1.0,2.0
79,5,6.0,4.0,2.0,3.0,1.0,2.0,2.0,2.0,1.0,22.0
80,3,4.0,3.0,1.0,3.0,1.0,2.0,,1.0,1.0,
81,2,2.0,2.0,1.0,2.0,1.0,1.0,2.0,1.0,1.0,2.0
82,2,2.0,2.0,1.0,,1.0,1.0,2.0,1.0,1.0,3.0
83,1,1.0,2.0,1.0,3.0,1.0,1.0,2.0,1.0,1.0,1.0
84,3,3.0,2.0,1.0,2.0,1.0,2.0,2.0,1.0,1.0,2.0
85,6,4.0,1.0,1.0,2.0,1.0,2.0,2.0,1.0,1.0,12.0
86,3,4.0,2.0,1.0,3.0,1.0,2.0,2.0,1.0,1.0,4.0
87,5,6.0,4.0,2.0,2.0,1.0,2.0,2.0,1.0,1.0,8.0
88,3,3.0,3.0,2.0,2.0,1.0,2.0,2.0,1.0,1.0,3.0
89,1,1.0,2.0,1.0,2.0,1.0,1.0,2.0,1.0,1.0,0.0
90,2,2.0,2.0,1.0,3.0,1.0,1.0,2.0,1.0,1.0,3.0
91,1,1.0,2.0,1.0,3.0,1.0,1.0,2.0,1.0,1.0,1.0
92,1,1.0,2.0,1.0,3.0,1.0,1.0,2.0,1.0,1.0,1.0
93,3,3.0,2.0,1.0,,1.0,1.0,2.0,1.0,1.0,4.0
94,6,2.0,1.0,1.0,2.0,1.0,2.0,2.0,1.0,1.0,6.0
95,6,4.0,1.0,1.0,2.0,1.0,2.0,2.0,1.0,1.0,12.0
96,2,3.0,2.0,1.0,2.0,1.0,2.0,2.0,1.0,1.0,2.0
97,5,4.0,3.0,1.0,2.0,1.0,2.0,2.0,2.0,1.0,7.0
98,3,3.0,2.0,1.0,2.0,1.0,2.0,2.0,1.0,1.0,2.0
99,2,2.0,2.0,1.0,2.0,1.0,1.0,2.0,1.0,1.0,2.0
100,3,4.0,4.0,2.0,3.0,1.0,1.0,2.0,1.0,1.0,9.0
101,1,1.0,2.0,1.0,1.0,1.0,1.0,2.0,1.0,1.0,0.0
102,4,4.0,3.0,2.0,3.0,1.0,,2.0,1.0,1.0,16.0
103,6,4.0,1.0,1.0,2.0,1.0,2.0,2.0,1.0,1.0,12.0
104,2,3.0,2.0,1.0,3.0,1.0,2.0,2.0,1.0,1.0,2.0
105,5,4.0,4.0,2.0,3.0,1.0,2.0,2.0,2.0,1.0,15.0
106,3,3.0,2.0,1.0,2.0,1.0,2.0,2.0,1.0,1.0,2.0
107,3,4.0,3.0,2.0,3.0,1.0,2.0,2.0,1.0,1.0,6.0
108,1,1.0,2.0,1.0,3.0,1.0,1.0,2.0,1.0,1.0,1.0
109,4,4.0,3.0,2.0,3.0,1.0,2.0,2.0,1.0,1.0,8.0
110,3,3.0,2.0,2.0,3.0,1.0,2.0,2.0,1.0,1.0,7.0
111,5,4.0,3.0,2.0,2.0,1.0,2.0,2.0,1.0,1.0,7.0
112,6,3.0,1.0,1.0,1.0,1.0,2.0,2.0,1.0,1.0,4.0
113,3,4.0,3.0,2.0,2.0,1.0,2.0,2.0,1.0,1.0,4.0
114,1,1.0,2.0,1.0,2.0,1.0,1.0,,1.0,1.0,0.0
115,4,3.0,3.0,2.0,2.0,1.0,2.0,,1.0,1.0,4.0
116,6,3.0,1.0,1.0,2.0,1.0,1.0,1.0,1.0,1.0,36.0
117,5,4.0,4.0,2.0,2.0,1.0,2.0,2.0,1.0,1.0,5.0
118,6,3.0,1.0,1.0,2.0,1.0,2.0,2.0,1.0,1.0,9.0
119,4,4.0,2.0,1.0,2.0,1.0,2.0,2.0,1.0,1.0,4.0
120,4,4.0,3.0,1.0,2.0,1.0,2.0,2.0,1.0,1.0,3.0
121,1,1.0,2.0,1.0,3.0,1.0,1.0,2.0,1.0,1.0,1.0
122,2,3.0,2.0,1.0,3.0,1.0,1.0,2.0,1.0,1.0,4.0
123,6,3.0,1.0,1.0,2.0,1.0,2.0,2.0,1.0,1.0,9.0
124,5,4.0,3.0,2.0,2.0,1.0,2.0,2.0,1.0,1.0,7.0
125,4,4.0,2.0,1.0,2.0,1.0,2.0,2.0,1.0,1.0,4.0
126,4,3.0,3.0,1.0,2.0,1.0,2.0,2.0,1.0,1.0,2.0
127,4,4.0,2.0,1.0,3.0,1.0,1.0,2.0,1.0,1.0,12.0
128,6,3.0,1.0,1.0,2.0,1.0,1.0,1.0,1.0,1.0,36.0
129,4,3.0,2.0,1.0,1.0,1.0,2.0,2.0,1.0,1.0,2.0
130,4,3.0,3.0,2.0,3.0,1.0,2.0,2.0,1.0,1.0,6.0
131,2,3.0,2.0,2.0,2.0,1.0,1.0,2.0,1.0,1.0,6.0
132,4,3.0,2.0,1.0,2.0,1.0,1.0,,1.0,1.0,6.0
133,4,4.0,3.0,1.0,2.0,1.0,2.0,2.0,1.0,,3.0
134,6,3.0,1.0,1.0,2.0,1.0,1.0,2.0,1.0,1.0,18.0
135,4,4.0,2.0,1.0,,1.0,1.0,2.0,,1.0,12.0
136,6,5.0,1.0,1.0,2.0,1.0,1.0,1.0,1.0,1.0,60.0
137,1,1.0,2.0,1.0,3.0,1.0,1.0,2.0,1.0,1.0,1.0
138,2,2.0,2.0,1.0,3.0,1.0,1.0,2.0,1.0,1.0,3.0
139,4,3.0,3.0,1.0,2.0,1.0,2.0,2.0,1.0,1.0,2.0
140,2,3.0,2.0,2.0,3.0,1.0,1.0,2.0,1.0,1.0,9.0
141,4,3.0,2.0,1.0,3.0,1.0,1.0,2.0,1.0,1.0,9.0
142,6,5.0,1.0,1.0,3.0,1.0,1.0,1.0,1.0,1.0,90.0
143,1,1.0,2.0,1.0,3.0,1.0,1.0,2.0,1.0,1.0,1.0
144,6,3.0,1.0,1.0,2.0,1.0,1.0,1.0,1.0,1.0,
145,1,1.0,2.0,1.0,3.0,1.0,1.0,2.0,1.0,1.0,1.0
146,2,2.0,2.0,1.0,2.0,1.0,1.0,2.0,1.0,1.0,2.0
147,3,2.0,2.0,,2.0,1.0,1.0,2.0,1.0,1.0,3.0
148,4,3.0,2.0,1.0,2.0,1.0,,2.0,1.0,,3.0
149,2,3.0,2.0,2.0,2.0,1.0,1.0,2.0,1.0,1.0,6.0
150,4,3.0,2.0,1.0,3.0,1.0,1.0,2.0,1.0,1.0,9.0
151,2,5.0,2.0,1.0,3.0,1.0,1.0,2.0,1.0,1.0,8.0
152,1,1.0,2.0,1.0,1.0,1.0,1.0,2.0,1.0,1.0,0.0
153,6,3.0,1.0,1.0,2.0,1.0,1.0,1.0,1.0,1.0,
154,1,1.0,2.0,1.0,3.0,1.0,1.0,2.0,1.0,1.0,1.0
155,4,2.0,4.0,2.0,3.0,1.0,1.0,2.0,1.0,1.0,6.0
156,3,2.0,3.0,1.0,3.0,1.0,1.0,,1.0,1.0,3.0
157,6,3.0,1.0,1.0,1.0,1.0,2.0,2.0,1.0,1.0,4.0
158,2,3.0,2.0,1.0,2.0,1.0,1.0,2.0,1.0,1.0,3.0
159,4,3.0,2.0,1.0,2.0,1.0,1.0,2.0,1.0,1.0,6.0
160,2,6.0,2.0,1.0,2.0,1.0,1.0,2.0,1.0,1.0,6.0
161,6,3.0,1.0,2.0,2.0,1.0,1.0,1.0,1.0,1.0,72.0
162,1,1.0,2.0,1.0,2.0,1.0,1.0,2.0,1.0,1.0,0.0
163,4,6.0,4.0,1.0,3.0,1.0,2.0,2.0,1.0,1.0,4.0
164,4,4.0,3.0,1.0,3.0,1.0,2.0,2.0,1.0,1.0,4.0
165,2,2.0,2.0,1.0,3.0,1.0,1.0,2.0,1.0,1.0,3.0
166,6,2.0,1.0,1.0,1.0,1.0,2.0,2.0,1.0,1.0,3.0
167,6,3.0,1.0,1.0,2.0,1.0,1.0,2.0,1.0,1.0,18.0
168,4,3.0,2.0,1.0,,1.0,1.0,2.0,1.0,1.0,6.0
169,2,3.0,2.0,1.0,3.0,1.0,1.0,2.0,1.0,1.0,4.0
170,6,3.0,1.0,1.0,2.0,1.0,1.0,1.0,1.0,1.0,36.0
171,4,6.0,4.0,1.0,3.0,1.0,2.0,2.0,2.0,1.0,9.0
172,4,2.0,2.0,1.0,3.0,1.0,2.0,2.0,2.0,1.0,6.0
173,6,3.0,1.0,1.0,3.0,1.0,1.0,1.0,1.0,1.0,54.0
174,6,3.0,1.0,1.0,1.0,1.0,,2.0,1.0,1.0,9.0
175,3,3.0,2.0,2.0,2.0,1.0,1.0,2.0,1.0,1.0,9.0
176,2,3.0,2.0,2.0,1.0,1.0,1.0,2.0,1.0,1.0,3.0
177,6,3.0,1.0,1.0,1.0,1.0,1.0,1.0,1.0,1.0,18.0
178,1,1.0,2.0,1.0,,1.0,1.0,2.0,1.0,1.0,1.0
179,4,4.0,4.0,2.0,1.0,3.0,2.0,2.0,1.0,1.0,6.0
180,4,4.0,2.0,1.0,1.0,1.0,2.0,2.0,1.0,1.0,2.0
181,6,2.0,1.0,1.0,3.0,1.0,1.0,2.0,1.0,1.0,18.0
182,6,3.0,1.0,1.0,2.0,1.0,1.0,1.0,1.0,1.0,36.0
183,6,3.0,1.0,1.0,2.0,1.0,1.0,1.0,1.0,1.0,36.0
184,6,3.0,1.0,1.0,3.0,1.0,1.0,2.0,1.0,1.0,27.0
185,6,3.0,1.0,1.0,3.0,1.0,1.0,2.0,1.0,1.0,27.0
186,6,5.0,1.0,1.0,3.0,1.0,1.0,2.0,1.0,1.0,45.0
187,6,3.0,1.0,1.0,3.0,1.0,1.0,1.0,1.0,1.0,54.0
188,5,6.0,4.0,2.0,3.0,3.0,2.0,2.0,2.0,1.0,68.0
189,4,4.0,2.0,2.0,2.0,1.0,2.0,2.0,1.0,1.0,8.0
190,3,3.0,2.0,1.0,3.0,1.0,1.0,2.0,1.0,1.0,7.0
191,6,3.0,1.0,1.0,3.0,1.0,1.0,1.0,1.0,1.0,54.0
192,2,3.0,2.0,1.0,3.0,,1.0,2.0,1.0,1.0,4.0
193,6,3.0,1.0,1.0,2.0,1.0,1.0,2.0,1.0,1.0,18.0
194,6,3.0,1.0,1.0,2.0,1.0,1.0,2.0,1.0,1.0,18.0
195,2,5.0,2.0,1.0,3.0,1.0,1.0,2.0,1.0,1.0,8.0
196,1,1.0,2.0,1.0,1.0,1.0,1.0,2.0,1.0,1.0,0.0
197,5,6.0,4.0,2.0,3.0,1.0,2.0,2.0,2.0,1.0,22.0
198,4,4.0,2.0,2.0,,1.0,2.0,2.0,1.0,1.0,8.0
199,3,3.0,3.0,1.0,3.0,1.0,1.0,2.0,1.0,,4.0
200,6,3.0,1.0,1.0,3.0,1.0,1.0,1.0,1.0,1.0,54.0
201,2,2.0,3.0,1.0,3.0,1.0,1.0,2.0,1.0,1.0,2.0
202,3,4.0,2.0,1.0,3.0,1.0,1.0,2.0,1.0,1.0,9.0
203,6,3.0,1.0,1.0,2.0,1.0,1.0,2.0,1.0,1.0,18.0
204,2,3.0,2.0,2.0,3.0,,1.0,2.0,1.0,1.0,9.0
205,2,3.0,2.0,1.0,2.0,1.0,1.0,2.0,,1.0,3.0
206,5,6.0,3.0,2.0,2.0,1.0,2.0,2.0,2.0,1.0,20.0
207,4,2.0,2.0,2.0,2.0,,2.0,2.0,1.0,1.0,
208,2,2.0,3.0,1.0,3.0,1.0,1.0,2.0,1.0,1.0,2.0
209,3,2.0,2.0,1.0,3.0,1.0,1.0,2.0,1.0,1.0,4.0
210,3,4.0,3.0,1.0,3.0,1.0,1.0,2.0,1.0,1.0,6.0
211,3,3.0,2.0,1.0,,1.0,1.0,2.0,1.0,1.0,7.0
212,2,3.0,2.0,1.0,3.0,1.0,1.0,2.0,1.0,1.0,
213,6,3.0,1.0,1.0,1.0,1.0,1.0,2.0,1.0,1.0,9.0
214,6,3.0,1.0,2.0,2.0,1.0,1.0,2.0,,1.0,36.0
215,5,4.0,3.0,1.0,2.0,1.0,2.0,2.0,1.0,1.0,3.0
216,2,2.0,3.0,1.0,3.0,1.0,1.0,2.0,1.0,1.0,2.0
217,3,3.0,2.0,1.0,3.0,1.0,1.0,2.0,1.0,1.0,7.0
218,2,3.0,3.0,2.0,2.0,1.0,2.0,2.0,1.0,1.0,2.0
219,3,4.0,2.0,2.0,3.0,1.0,1.0,2.0,1.0,1.0,18.0
220,2,3.0,2.0,1.0,2.0,1.0,1.0,2.0,1.0,1.0,3.0
221,6,3.0,1.0,1.0,2.0,1.0,1.0,2.0,1.0,1.0,18.0
222,6,3.0,1.0,1.0,3.0,1.0,1.0,2.0,1.0,1.0,27.0
223,5,4.0,3.0,2.0,2.0,1.0,2.0,2.0,1.0,1.0,7.0
224,3,2.0,3.0,2.0,2.0,1.0,1.0,2.0,1.0,1.0,4.0
225,3,4.0,3.0,1.0,3.0,1.0,1.0,2.0,1.0,1.0,6.0
226,3,4.0,2.0,2.0,2.0,3.0,,2.0,1.0,1.0,18.0
227,3,4.0,2.0,1.0,2.0,1.0,1.0,2.0,1.0,1.0,6.0
228,3,2.0,2.0,1.0,3.0,1.0,1.0,2.0,1.0,1.0,4.0
229,6,3.0,1.0,1.0,2.0,1.0,1.0,2.0,1.0,1.0,18.0
230,6,3.0,1.0,1.0,2.0,1.0,1.0,2.0,1.0,1.0,18.0
231,5,6.0,3.0,2.0,3.0,1.0,,2.0,2.0,1.0,30.0
232,3,4.0,3.0,1.0,2.0,1.0,2.0,2.0,1.0,1.0,2.0
233,3,4.0,3.0,1.0,3.0,1.0,2.0,2.0,1.0,1.0,3.0
234,1,1.0,3.0,1.0,2.0,1.0,2.0,2.0,1.0,1.0,0.0
235,3,4.0,2.0,1.0,3.0,1.0,1.0,2.0,1.0,1.0,9.0
236,3,4.0,2.0,2.0,3.0,1.0,1.0,2.0,1.0,1.0,18.0
237,2,2.0,2.0,1.0,3.0,1.0,,2.0,1.0,1.0,3.0
238,1,1.0,2.0,1.0,3.0,1.0,1.0,2.0,1.0,1.0,1.0
239,1,1.0,2.0,1.0,2.0,1.0,1.0,2.0,1.0,1.0,0.0
240,6,3.0,1.0,1.0,3.0,1.0,1.0,2.0,1.0,1.0,27.0
241,6,3.0,1.0,1.0,2.0,1.0,1.0,2.0,1.0,1.0,18.0
242,5,6.0,3.0,2.0,2.0,3.0,2.0,2.0,1.0,1.0,30.0
243,3,2.0,4.0,1.0,3.0,1.0,2.0,2.0,1.0,1.0,1.0
244,3,4.0,3.0,1.0,2.0,1.0,2.0,2.0,1.0,1.0,2.0
245,6,3.0,1.0,1.0,1.0,1.0,,2.0,1.0,1.0,4.0
246,3,4.0,2.0,1.0,2.0,1.0,1.0,2.0,1.0,1.0,6.0
247,3,4.0,2.0,2.0,3.0,1.0,1.0,2.0,1.0,1.0,18.0
248,3,2.0,2.0,1.0,2.0,1.0,1.0,2.0,1.0,1.0,3.0
249,1,1.0,2.0,1.0,2.0,,1.0,2.0,1.0,1.0,0.0
250,2,2.0,2.0,1.0,2.0,1.0,1.0,2.0,1.0,1.0,2.0
251,1,1.0,3.0,1.0,3.0,1.0,1.0,2.0,1.0,1.0,0.0
252,6,2.0,1.0,1.0,2.0,1.0,1.0,1.0,1.0,1.0,24.0
253,6,3.0,1.0,1.0,2.0,1.0,1.0,1.0,1.0,1.0,36.0
254,5,3.0,2.0,1.0,1.0,1.0,2.0,2.0,1.0,,2.0
255,3,2.0,3.0,2.0,2.0,1.0,2.0,2.0,1.0,1.0,2.0
256,2,2.0,2.0,1.0,2.0,1.0,2.0,2.0,1.0,1.0,1.0
257,6,4.0,1.0,2.0,3.0,2.0,2.0,2.0,1.0,1.0,72.0
258,6,4.0,1.0,1.0,2.0,1.0,1.0,2.0,1.0,1.0,24.0
259,3,4.0,3.0,1.0,2.0,,1.0,2.0,1.0,1.0,4.0
260,6,3.0,1.0,1.0,1.0,1.0,,2.0,1.0,1.0,9.0
261,3,2.0,2.0,1.0,3.0,1.0,1.0,2.0,1.0,1.0,4.0
262,3,2.0,2.0,1.0,3.0,1.0,1.0,2.0,1.0,1.0,4.0
263,2,2.0,2.0,1.0,3.0,1.0,1.0,2.0,1.0,1.0,3.0
264,6,3.0,1.0,1.0,2.0,1.0,2.0,1.0,1.0,1.0,18.0
265,2,2.0,2.0,1.0,3.0,1.0,1.0,2.0,1.0,1.0,3.0
266,3,2.0,2.0,1.0,3.0,1.0,1.0,2.0,1.0,1.0,4.0
267,2,2.0,2.0,1.0,1.0,1.0,2.0,2.0,1.0,1.0,0.0
268,6,3.0,1.0,1.0,2.0,1.0,2.0,2.0,1.0,1.0,9.0
269,6,4.0,1.0,1.0,3.0,1.0,1.0,2.0,1.0,1.0,36.0
270,3,3.0,3.0,1.0,2.0,1.0,2.0,2.0,1.0,1.0,2.0
271,1,1.0,2.0,1.0,3.0,1.0,1.0,2.0,1.0,1.0,1.0
272,1,1.0,3.0,1.0,3.0,1.0,1.0,2.0,1.0,1.0,0.0
273,3,3.0,3.0,1.0,3.0,1.0,1.0,2.0,1.0,1.0,4.0
274,6,2.0,1.0,1.0,3.0,,1.0,2.0,1.0,1.0,18.0
275,6,4.0,1.0,1.0,2.0,1.0,2.0,1.0,1.0,1.0,24.0
276,6,2.0,1.0,1.0,2.0,,1.0,2.0,1.0,1.0,12.0
277,1,1.0,2.0,1.0,3.0,1.0,1.0,2.0,1.0,1.0,1.0
278,1,1.0,2.0,1.0,3.0,1.0,1.0,2.0,1.0,1.0,1.0
279,1,1.0,2.0,1.0,3.0,1.0,1.0,2.0,1.0,1.0,1.0
280,2,3.0,2.0,1.0,2.0,1.0,2.0,2.0,1.0,1.0,2.0
281,1,1.0,2.0,2.0,1.0,1.0,2.0,2.0,1.0,1.0,0.0
282,6,2.0,1.0,1.0,2.0,1.0,2.0,2.0,1.0,1.0,6.0
283,3,2.0,2.0,1.0,1.0,1.0,1.0,2.0,1.0,1.0,2.0
284,3,3.0,2.0,1.0,2.0,1.0,2.0,2.0,1.0,1.0,2.0
285,1,1.0,2.0,1.0,2.0,1.0,1.0,,1.0,1.0,0.0
286,2,2.0,2.0,1.0,1.0,1.0,1.0,2.0,1.0,1.0,1.0
287,2,2.0,2.0,1.0,2.0,1.0,2.0,2.0,1.0,1.0,1.0
288,2,2.0,2.0,1.0,3.0,,1.0,2.0,1.0,1.0,3.0
289,2,4.0,2.0,1.0,3.0,1.0,2.0,2.0,1.0,1.0,3.0
290,6,3.0,1.0,1.0,3.0,,1.0,2.0,1.0,1.0,27.0
291,2,2.0,2.0,1.0,3.0,1.0,1.0,2.0,1.0,1.0,3.0
292,6,2.0,1.0,1.0,1.0,1.0,1.0,2.0,1.0,1.0,6.0
293,2,2.0,3.0,1.0,3.0,1.0,1.0,2.0,1.0,1.0,2.0
294,3,4.0,2.0,1.0,3.0,1.0,2.0,2.0,1.0,1.0,4.0
295,1,1.0,2.0,1.0,,1.0,1.0,2.0,1.0,1.0,1.0
296,6,2.0,1.0,1.0,3.0,1.0,1.0,2.0,1.0,1.0,18.0
297,2,3.0,2.0,2.0,2.0,3.0,2.0,2.0,,1.0,9.0
298,6,2.0,1.0,1.0,3.0,1.0,1.0,2.0,1.0,1.0,18.0
299,2,2.0,2.0,1.0,2.0,1.0,2.0,2.0,1.0,1.0,1.0
300,2,2.0,2.0,1.0,2.0,1.0,1.0,2.0,1.0,1.0,2.0
301,6,4.0,1.0,1.0,2.0,1.0,2.0,2.0,1.0,1.0,12.0
302,2,2.0,2.0,1.0,3.0,1.0,1.0,2.0,1.0,1.0,3.0
303,1,1.0,2.0,1.0,3.0,1.0,1.0,2.0,1.0,1.0,1.0
304,3,2.0,3.0,1.0,3.0,,1.0,2.0,1.0,1.0,3.0
305,6,4.0,1.0,1.0,2.0,1.0,2.0,2.0,1.0,1.0,12.0
306,2,2.0,2.0,1.0,3.0,1.0,1.0,2.0,1.0,1.0,3.0
307,6,3.0,1.0,1.0,3.0,1.0,2.0,2.0,,1.0,14.0
308,1,1.0,2.0,1.0,2.0,,1.0,2.0,1.0,1.0,0.0
309,6,3.0,1.0,1.0,2.0,1.0,1.0,2.0,1.0,,18.0
310,2,3.0,2.0,1.0,2.0,1.0,2.0,2.0,1.0,1.0,2.0
311,2,2.0,2.0,1.0,1.0,1.0,1.0,2.0,1.0,1.0,1.0
312,6,2.0,1.0,1.0,3.0,,1.0,2.0,1.0,1.0,18.0
313,4,4.0,3.0,2.0,3.0,1.0,2.0,2.0,1.0,1.0,8.0
314,3,2.0,3.0,1.0,2.0,1.0,2.0,2.0,1.0,1.0,1.0
315,2,2.0,2.0,1.0,2.0,1.0,1.0,2.0,1.0,1.0,2.0
316,1,1.0,2.0,1.0,3.0,1.0,1.0,2.0,1.0,1.0,1.0
317,2,3.0,2.0,1.0,2.0,1.0,,2.0,1.0,1.0,3.0
318,6,3.0,1.0,2.0,2.0,1.0,2.0,2.0,1.0,1.0,18.0
319,1,1.0,2.0,1.0,3.0,1.0,1.0,2.0,1.0,1.0,
320,2,3.0,2.0,1.0,3.0,1.0,2.0,2.0,1.0,1.0,2.0
321,3,4.0,3.0,1.0,3.0,1.0,1.0,2.0,1.0,1.0,6.0
322,4,4.0,3.0,2.0,2.0,1.0,2.0,2.0,1.0,1.0,5.0
323,3,2.0,3.0,2.0,3.0,2.0,,2.0,1.0,1.0,6.0
324,2,3.0,2.0,1.0,3.0,1.0,1.0,2.0,1.0,1.0,4.0
325,6,3.0,1.0,1.0,2.0,1.0,2.0,2.0,1.0,1.0,9.0
326,2,4.0,2.0,1.0,2.0,1.0,2.0,2.0,1.0,1.0,2.0
327,2,2.0,2.0,1.0,2.0,1.0,2.0,2.0,1.0,1.0,1.0
328,2,4.0,3.0,1.0,2.0,1.0,2.0,2.0,1.0,1.0,1.0
329,1,1.0,2.0,1.0,2.0,1.0,2.0,2.0,1.0,1.0,0.0
330,3,4.0,3.0,2.0,3.0,1.0,1.0,2.0,1.0,1.0,12.0
331,2,2.0,2.0,1.0,3.0,1.0,1.0,2.0,1.0,1.0,3.0
332,1,1.0,2.0,1.0,3.0,1.0,1.0,2.0,1.0,1.0,1.0
333,6,3.0,1.0,1.0,2.0,1.0,2.0,2.0,1.0,1.0,9.0
334,2,4.0,2.0,1.0,3.0,1.0,2.0,2.0,1.0,1.0,3.0
335,3,2.0,3.0,1.0,2.0,1.0,2.0,2.0,1.0,1.0,1.0
336,2,2.0,2.0,1.0,2.0,1.0,,2.0,1.0,1.0,1.0
337,1,1.0,3.0,1.0,3.0,1.0,2.0,2.0,1.0,1.0,0.0
338,3,4.0,3.0,2.0,3.0,3.0,2.0,2.0,1.0,1.0,18.0
339,3,2.0,2.0,1.0,3.0,1.0,1.0,2.0,1.0,1.0,4.0
340,1,1.0,2.0,1.0,3.0,,1.0,2.0,1.0,1.0,1.0
341,3,2.0,2.0,1.0,3.0,1.0,1.0,2.0,1.0,,4.0
342,6,4.0,1.0,1.0,2.0,1.0,2.0,2.0,1.0,1.0,12.0
343,1,1.0,2.0,1.0,1.0,1.0,2.0,2.0,1.0,1.0,0.0
344,2,4.0,2.0,1.0,2.0,1.0,2.0,2.0,1.0,1.0,2.0
345,3,4.0,3.0,1.0,2.0,1.0,2.0,2.0,1.0,1.0,2.0
346,2,2.0,2.0,1.0,1.0,,1.0,2.0,1.0,1.0,1.0
347,2,2.0,2.0,1.0,1.0,1.0,1.0,2.0,1.0,1.0,1.0
348,6,4.0,1.0,1.0,2.0,1.0,2.0,2.0,1.0,1.0,12.0
349,2,2.0,2.0,1.0,2.0,1.0,2.0,2.0,1.0,1.0,1.0
350,3,3.0,2.0,2.0,3.0,1.0,2.0,2.0,1.0,1.0,7.0
351,1,1.0,2.0,2.0,3.0,1.0,1.0,2.0,1.0,1.0,2.0
352,2,3.0,2.0,1.0,3.0,1.0,1.0,2.0,1.0,1.0,4.0
353,1,1.0,2.0,1.0,3.0,1.0,1.0,2.0,1.0,1.0,1.0
354,1,1.0,2.0,1.0,3.0,1.0,,2.0,1.0,1.0,1.0
355,6,3.0,1.0,1.0,2.0,1.0,2.0,2.0,1.0,1.0,9.0
356,3,4.0,3.0,2.0,2.0,1.0,2.0,2.0,1.0,,4.0
357,6,2.0,1.0,1.0,2.0,,1.0,2.0,1.0,1.0,12.0
358,3,2.0,2.0,1.0,2.0,1.0,1.0,2.0,1.0,1.0,3.0
359,6,2.0,1.0,1.0,2.0,1.0,,2.0,1.0,1.0,12.0
360,6,3.0,1.0,1.0,2.0,1.0,1.0,1.0,1.0,1.0,36.0
361,6,3.0,1.0,1.0,3.0,1.0,2.0,2.0,1.0,1.0,14.0
362,3,6.0,3.0,2.0,3.0,2.0,2.0,2.0,1.0,1.0,18.0
363,1,1.0,2.0,1.0,2.0,1.0,1.0,2.0,1.0,1.0,0.0
364,1,1.0,3.0,1.0,2.0,1.0,1.0,2.0,1.0,1.0,0.0
365,1,1.0,2.0,1.0,2.0,1.0,1.0,2.0,1.0,1.0,0.0
366,6,3.0,1.0,1.0,2.0,1.0,1.0,1.0,1.0,1.0,36.0
367,1,1.0,2.0,1.0,3.0,1.0,1.0,2.0,1.0,1.0,1.0
368,6,3.0,1.0,1.0,2.0,1.0,1.0,1.0,1.0,1.0,36.0
369,3,6.0,3.0,1.0,3.0,1.0,2.0,2.0,1.0,1.0,4.0
370,1,1.0,2.0,,1.0,1.0,1.0,2.0,1.0,1.0,0.0
371,1,1.0,2.0,1.0,3.0,1.0,1.0,2.0,1.0,1.0,1.0
372,6,3.0,1.0,1.0,2.0,1.0,1.0,,1.0,1.0,36.0
373,2,3.0,2.0,2.0,3.0,3.0,1.0,2.0,1.0,1.0,27.0
374,1,1.0,2.0,1.0,3.0,1.0,1.0,2.0,1.0,1.0,1.0
375,3,2.0,2.0,1.0,,1.0,1.0,2.0,,1.0,3.0
376,3,6.0,3.0,2.0,3.0,1.0,2.0,2.0,1.0,,9.0
377,1,1.0,2.0,1.0,3.0,1.0,1.0,2.0,1.0,1.0,1.0
378,6,3.0,1.0,,2.0,1.0,1.0,1.0,1.0,1.0,36.0
379,2,3.0,2.0,1.0,3.0,1.0,1.0,2.0,1.0,1.0,4.0
380,1,1.0,2.0,1.0,3.0,1.0,1.0,2.0,,1.0,1.0
381,3,2.0,2.0,1.0,,1.0,1.0,2.0,1.0,1.0,4.0
382,2,2.0,2.0,1.0,,1.0,1.0,2.0,1.0,1.0,3.0
383,3,2.0,2.0,1.0,3.0,1.0,1.0,2.0,1.0,,4.0
384,3,6.0,3.0,2.0,2.0,1.0,2.0,2.0,1.0,1.0,6.0
385,3,4.0,3.0,1.0,3.0,1.0,1.0,2.0,1.0,1.0,6.0
386,6,3.0,1.0,1.0,2.0,1.0,1.0,1.0,1.0,1.0,36.0
387,2,3.0,2.0,2.0,2.0,2.0,1.0,2.0,1.0,1.0,12.0
388,3,2.0,2.0,1.0,2.0,1.0,1.0,2.0,1.0,1.0,3.0
389,1,1.0,2.0,1.0,2.0,1.0,1.0,2.0,1.0,1.0,0.0
390,1,1.0,2.0,1.0,2.0,1.0,1.0,2.0,1.0,1.0,0.0
391,1,1.0,2.0,1.0,3.0,1.0,1.0,2.0,1.0,1.0,1.0
392,1,1.0,2.0,,3.0,1.0,1.0,2.0,1.0,1.0,1.0
393,3,3.0,2.0,1.0,2.0,1.0,1.0,2.0,1.0,1.0,4.0
394,3,4.0,3.0,2.0,2.0,3.0,2.0,2.0,1.0,1.0,12.0
395,3,3.0,2.0,1.0,3.0,1.0,1.0,2.0,1.0,1.0,7.0
396,3,4.0,3.0,1.0,2.0,1.0,2.0,2.0,1.0,1.0,2.0
397,2,3.0,2.0,1.0,3.0,1.0,1.0,2.0,1.0,1.0,4.0
398,6,2.0,1.0,1.0,3.0,1.0,1.0,2.0,1.0,1.0,18.0
399,2,2.0,2.0,1.0,3.0,1.0,1.0,2.0,1.0,1.0,3.0
400,1,1.0,2.0,1.0,2.0,1.0,1.0,2.0,1.0,1.0,0.0
401,1,1.0,2.0,1.0,3.0,,1.0,2.0,1.0,1.0,1.0
402,3,4.0,3.0,1.0,3.0,1.0,1.0,2.0,1.0,1.0,6.0
403,6,3.0,1.0,1.0,2.0,1.0,1.0,1.0,1.0,1.0,36.0
404,2,2.0,2.0,1.0,3.0,1.0,1.0,2.0,1.0,1.0,3.0
405,6,4.0,1.0,1.0,1.0,1.0,2.0,2.0,1.0,1.0,6.0
406,6,3.0,1.0,1.0,1.0,1.0,1.0,2.0,1.0,1.0,9.0
407,3,4.0,3.0,1.0,,1.0,2.0,2.0,1.0,1.0,3.0
408,6,3.0,1.0,1.0,1.0,1.0,1.0,2.0,1.0,1.0,9.0
409,2,3.0,2.0,1.0,2.0,1.0,1.0,2.0,1.0,1.0,3.0
410,3,2.0,2.0,1.0,2.0,1.0,1.0,2.0,1.0,1.0,3.0
411,3,3.0,3.0,2.0,3.0,1.0,1.0,2.0,1.0,1.0,9.0
412,3,4.0,4.0,2.0,3.0,1.0,2.0,2.0,1.0,1.0,4.0
413,6,3.0,1.0,1.0,3.0,1.0,1.0,1.0,1.0,1.0,54.0
414,3,2.0,2.0,1.0,2.0,1.0,1.0,2.0,1.0,1.0,3.0
415,2,4.0,2.0,1.0,3.0,,1.0,2.0,1.0,1.0,6.0
416,3,2.0,2.0,1.0,3.0,1.0,1.0,2.0,1.0,1.0,4.0
417,6,3.0,1.0,1.0,3.0,1.0,1.0,2.0,1.0,1.0,27.0
418,6,3.0,1.0,1.0,2.0,1.0,1.0,1.0,1.0,1.0,36.0
419,1,1.0,2.0,1.0,2.0,1.0,,2.0,1.0,1.0,0.0
420,4,4.0,3.0,1.0,3.0,1.0,2.0,2.0,1.0,1.0,4.0
421,3,3.0,2.0,1.0,3.0,1.0,1.0,2.0,1.0,1.0,7.0
422,6,3.0,1.0,1.0,3.0,1.0,1.0,2.0,1.0,1.0,27.0
423,6,2.0,1.0,1.0,1.0,1.0,1.0,2.0,1.0,1.0,6.0
424,3,4.0,2.0,1.0,1.0,1.0,2.0,2.0,1.0,1.0,2.0
425,3,4.0,3.0,1.0,2.0,1.0,2.0,2.0,1.0,1.0,2.0
426,6,3.0,1.0,1.0,2.0,1.0,1.0,1.0,1.0,1.0,36.0
427,2,2.0,2.0,2.0,2.0,1.0,1.0,2.0,1.0,1.0,4.0
428,2,2.0,2.0,1.0,3.0,,1.0,2.0,1.0,1.0,3.0
429,3,3.0,3.0,1.0,3.0,1.0,1.0,2.0,1.0,1.0,4.0
430,6,2.0,1.0,1.0,2.0,1.0,1.0,1.0,1.0,1.0,24.0
431,6,2.0,1.0,1.0,2.0,1.0,1.0,2.0,1.0,1.0,12.0
432,4,4.0,4.0,1.0,3.0,1.0,2.0,2.0,1.0,1.0,3.0
433,3,4.0,2.0,1.0,3.0,,1.0,2.0,1.0,1.0,9.0
434,2,3.0,2.0,1.0,3.0,1.0,1.0,2.0,1.0,,4.0
435,6,3.0,1.0,2.0,2.0,1.0,1.0,2.0,1.0,1.0,36.0
436,3,2.0,2.0,1.0,3.0,1.0,2.0,2.0,1.0,1.0,2.0
437,2,3.0,2.0,1.0,2.0,,2.0,2.0,1.0,1.0,2.0
438,6,5.0,1.0,1.0,2.0,1.0,1.0,1.0,1.0,1.0,60.0
439,2,2.0,2.0,1.0,3.0,1.0,1.0,2.0,1.0,1.0,3.0
440,3,3.0,3.0,1.0,3.0,1.0,2.0,2.0,1.0,1.0,2.0
441,2,2.0,2.0,1.0,3.0,1.0,1.0,2.0,1.0,1.0,3.0
442,6,2.0,1.0,1.0,3.0,1.0,1.0,2.0,1.0,1.0,18.0
443,6,3.0,1.0,1.0,2.0,1.0,,1.0,1.0,1.0,18.0
444,6,3.0,1.0,1.0,2.0,1.0,1.0,1.0,1.0,1.0,36.0
445,3,4.0,2.0,1.0,1.0,1.0,2.0,2.0,1.0,1.0,2.0
446,3,3.0,3.0,1.0,3.0,1.0,1.0,2.0,1.0,1.0,4.0
447,6,3.0,1.0,1.0,3.0,1.0,1.0,2.0,1.0,1.0,27.0
448,2,2.0,3.0,1.0,3.0,1.0,2.0,2.0,1.0,,1.0
449,3,2.0,3.0,1.0,3.0,1.0,2.0,2.0,1.0,1.0,2.0
450,6,4.0,1.0,1.0,2.0,1.0,1.0,1.0,1.0,1.0,48.0
451,1,1.0,2.0,1.0,,1.0,1.0,2.0,1.0,1.0,0.0
452,4,4.0,3.0,2.0,3.0,1.0,2.0,2.0,1.0,1.0,8.0
453,3,2.0,2.0,1.0,3.0,1.0,1.0,2.0,1.0,1.0,4.0
454,6,5.0,1.0,1.0,3.0,1.0,2.0,1.0,1.0,,45.0
455,3,4.0,3.0,1.0,2.0,1.0,1.0,,1.0,1.0,4.0
456,3,2.0,2.0,1.0,3.0,1.0,1.0,2.0,1.0,1.0,4.0
457,1,1.0,2.0,1.0,3.0,1.0,,2.0,1.0,1.0,1.0
458,3,3.0,3.0,1.0,3.0,1.0,2.0,,1.0,1.0,2.0
459,6,3.0,1.0,1.0,2.0,,1.0,2.0,1.0,1.0,18.0
460,3,4.0,3.0,1.0,3.0,1.0,2.0,2.0,1.0,1.0,3.0
461,2,2.0,2.0,1.0,3.0,1.0,1.0,2.0,1.0,1.0,3.0
462,3,2.0,2.0,1.0,2.0,1.0,2.0,2.0,1.0,1.0,2.0
463,6,3.0,1.0,1.0,3.0,1.0,1.0,1.0,1.0,1.0,54.0
464,3,2.0,2.0,1.0,3.0,1.0,,2.0,1.0,1.0,4.0
465,4,4.0,3.0,2.0,2.0,1.0,2.0,2.0,1.0,1.0,5.0
466,3,4.0,3.0,2.0,3.0,3.0,1.0,2.0,1.0,1.0,36.0
467,1,1.0,2.0,1.0,2.0,,1.0,2.0,1.0,1.0,0.0
468,6,4.0,1.0,1.0,3.0,1.0,2.0,1.0,1.0,1.0,36.0
469,3,4.0,3.0,1.0,3.0,1.0,2.0,2.0,1.0,1.0,3.0
470,2,2.0,2.0,1.0,2.0,1.0,1.0,2.0,1.0,1.0,2.0
471,3,3.0,2.0,1.0,1.0,1.0,2.0,2.0,1.0,1.0,1.0
472,6,3.0,1.0,1.0,,1.0,,2.0,1.0,1.0,18.0
473,3,2.0,2.0,1.0,1.0,1.0,2.0,2.0,1.0,1.0,1.0
474,2,2.0,2.0,1.0,2.0,1.0,1.0,2.0,1.0,1.0,2.0
475,1,1.0,2.0,1.0,2.0,1.0,2.0,2.0,1.0,1.0,0.0
476,6,3.0,1.0,1.0,3.0,1.0,1.0,1.0,1.0,1.0,54.0
477,2,2.0,2.0,1.0,2.0,1.0,1.0,2.0,1.0,1.0,2.0
478,4,4.0,2.0,2.0,2.0,1.0,2.0,2.0,1.0,1.0,8.0
479,4,4.0,3.0,1.0,3.0,1.0,2.0,2.0,1.0,1.0,4.0
480,6,4.0,1.0,1.0,3.0,1.0,2.0,1.0,1.0,1.0,36.0
481,3,4.0,3.0,2.0,3.0,,2.0,2.0,1.0,1.0,6.0
482,2,2.0,2.0,1.0,3.0,1.0,1.0,2.0,1.0,1.0,3.0
483,3,3.0,2.0,1.0,2.0,1.0,2.0,2.0,1.0,1.0,2.0
484,6,3.0,1.0,1.0,2.0,1.0,1.0,2.0,1.0,1.0,18.0
485,3,2.0,2.0,1.0,3.0,1.0,2.0,2.0,1.0,1.0,2.0
486,6,3.0,1.0,1.0,2.0,1.0,1.0,1.0,1.0,1.0,36.0
487,2,4.0,2.0,1.0,1.0,1.0,1.0,2.0,1.0,1.0,2.0
488,4,4.0,3.0,1.0,2.0,,2.0,2.0,1.0,1.0,3.0
489,4,4.0,4.0,2.0,2.0,1.0,2.0,2.0,1.0,1.0,4.0
490,6,4.0,1.0,1.0,2.0,1.0,2.0,1.0,1.0,1.0,24.0
491,3,4.0,4.0,2.0,2.0,3.0,2.0,2.0,1.0,1.0,9.0
492,4,3.0,3.0,1.0,2.0,1.0,2.0,2.0,1.0,1.0,2.0
493,6,2.0,1.0,1.0,2.0,1.0,1.0,1.0,1.0,1.0,24.0
494,6,3.0,1.0,1.0,3.0,1.0,1.0,2.0,1.0,1.0,27.0
495,3,4.0,3.0,1.0,3.0,1.0,2.0,2.0,1.0,1.0,3.0
496,6,3.0,1.0,1.0,3.0,1.0,1.0,,1.0,1.0,54.0
497,4,4.0,2.0,2.0,3.0,1.0,2.0,2.0,1.0,1.0,12.0
498,4,4.0,2.0,1.0,2.0,1.0,2.0,2.0,1.0,1.0,4.0
499,2,4.0,2.0,1.0,2.0,1.0,2.0,2.0,1.0,1.0,2.0
500,3,4.0,4.0,1.0,2.0,1.0,,2.0,1.0,1.0,2.0
501,4,3.0,3.0,1.0,3.0,1.0,2.0,2.0,1.0,1.0,3.0
502,6,2.0,1.0,1.0,3.0,1.0,1.0,1.0,1.0,1.0,36.0
503,3,2.0,3.0,1.0,3.0,1.0,1.0,2.0,1.0,1.0,3.0
504,6,3.0,1.0,1.0,3.0,1.0,1.0,1.0,1.0,1.0,54.0
505,6,3.0,1.0,1.0,3.0,,2.0,1.0,1.0,1.0,27.0
506,3,3.0,3.0,1.0,3.0,1.0,2.0,2.0,1.0,1.0,2.0
507,6,3.0,1.0,1.0,2.0,1.0,1.0,1.0,1.0,1.0,36.0
508,6,4.0,1.0,1.0,2.0,1.0,2.0,2.0,1.0,1.0,12.0
509,5,4.0,3.0,1.0,2.0,1.0,2.0,2.0,1.0,1.0,3.0
510,2,4.0,2.0,1.0,3.0,1.0,2.0,2.0,1.0,1.0,3.0
511,2,4.0,3.0,1.0,2.0,1.0,2.0,2.0,1.0,1.0,1.0
512,4,4.0,3.0,1.0,3.0,1.0,2.0,2.0,1.0,1.0,4.0
513,6,3.0,1.0,1.0,2.0,,1.0,1.0,1.0,1.0,36.0
514,3,2.0,3.0,2.0,3.0,1.0,2.0,2.0,1.0,1.0,3.0
515,6,3.0,1.0,1.0,2.0,1.0,2.0,1.0,1.0,1.0,18.0
516,1,1.0,2.0,1.0,3.0,1.0,1.0,2.0,1.0,1.0,1.0
517,3,3.0,2.0,1.0,1.0,3.0,2.0,2.0,1.0,1.0,3.0
518,6,3.0,1.0,1.0,2.0,1.0,1.0,1.0,1.0,1.0,36.0
519,5,4.0,3.0,2.0,2.0,1.0,2.0,2.0,1.0,1.0,7.0
520,2,2.0,2.0,1.0,2.0,1.0,2.0,2.0,1.0,1.0,1.0
521,4,4.0,3.0,2.0,3.0,3.0,2.0,2.0,1.0,1.0,24.0
522,6,3.0,,1.0,3.0,,1.0,1.0,1.0,1.0,54.0
523,2,4.0,3.0,1.0,2.0,1.0,2.0,,1.0,1.0,1.0
524,6,3.0,1.0,1.0,2.0,1.0,2.0,1.0,1.0,1.0,18.0
525,3,2.0,3.0,1.0,3.0,1.0,1.0,2.0,1.0,1.0,
526,2,,2.0,1.0,3.0,1.0,1.0,2.0,1.0,1.0,3.0
527,6,3.0,1.0,,2.0,1.0,1.0,1.0,1.0,1.0,36.0
528,5,4.0,3.0,2.0,2.0,1.0,2.0,2.0,1.0,1.0,7.0
529,2,2.0,2.0,1.0,2.0,1.0,2.0,2.0,1.0,,1.0
530,6,3.0,1.0,1.0,3.0,,2.0,2.0,1.0,1.0,14.0
531,4,4.0,3.0,1.0,3.0,1.0,2.0,2.0,1.0,1.0,4.0
532,6,3.0,1.0,2.0,2.0,1.0,1.0,1.0,1.0,1.0,72.0
533,2,4.0,3.0,2.0,3.0,1.0,2.0,2.0,1.0,1.0,4.0
534,6,3.0,1.0,1.0,2.0,1.0,2.0,1.0,1.0,1.0,18.0
535,3,2.0,3.0,1.0,3.0,,2.0,2.0,1.0,1.0,2.0
536,2,2.0,2.0,1.0,3.0,1.0,1.0,2.0,1.0,1.0,3.0
537,6,3.0,1.0,1.0,2.0,1.0,1.0,1.0,1.0,,36.0
538,5,4.0,3.0,1.0,1.0,1.0,2.0,2.0,1.0,1.0,2.0
539,6,2.0,1.0,1.0,1.0,1.0,2.0,2.0,1.0,1.0,3.0
540,6,3.0,1.0,2.0,3.0,1.0,2.0,2.0,1.0,1.0,27.0
541,4,3.0,3.0,2.0,2.0,1.0,2.0,2.0,1.0,1.0,4.0
542,6,3.0,1.0,1.0,3.0,1.0,1.0,1.0,1.0,1.0,54.0
543,3,2.0,3.0,1.0,2.0,,2.0,2.0,1.0,1.0,1.0
544,6,2.0,1.0,1.0,2.0,1.0,2.0,1.0,1.0,1.0,12.0
545,3,4.0,2.0,1.0,2.0,1.0,2.0,2.0,1.0,1.0,3.0
546,6,2.0,1.0,1.0,1.0,1.0,1.0,2.0,1.0,1.0,6.0
547,1,1.0,2.0,1.0,2.0,1.0,1.0,2.0,1.0,1.0,0.0
548,6,3.0,1.0,1.0,2.0,1.0,2.0,1.0,1.0,1.0,18.0
549,6,3.0,1.0,1.0,2.0,1.0,2.0,2.0,1.0,1.0,9.0
550,4,3.0,3.0,2.0,2.0,1.0,2.0,2.0,1.0,1.0,4.0
551,2,3.0,2.0,2.0,2.0,1.0,1.0,2.0,1.0,1.0,6.0
552,2,2.0,2.0,1.0,1.0,1.0,2.0,2.0,1.0,1.0,0.0
553,6,3.0,1.0,1.0,2.0,,2.0,1.0,1.0,1.0,18.0
554,1,1.0,2.0,1.0,3.0,1.0,1.0,2.0,1.0,1.0,1.0
555,6,3.0,1.0,1.0,3.0,1.0,1.0,1.0,1.0,1.0,54.0
556,6,3.0,1.0,1.0,2.0,1.0,2.0,2.0,1.0,1.0,9.0
557,3,4.0,3.0,2.0,2.0,1.0,2.0,2.0,1.0,1.0,4.0
558,6,3.0,1.0,1.0,2.0,1.0,1.0,2.0,1.0,1.0,18.0
559,1,,2.0,1.0,2.0,1.0,2.0,2.0,1.0,,0.0
560,6,3.0,,1.0,2.0,,2.0,1.0,1.0,1.0,18.0
561,2,2.0,2.0,1.0,3.0,1.0,1.0,2.0,1.0,1.0,3.0
562,3,3.0,,2.0,3.0,,2.0,2.0,1.0,1.0,7.0
563,3,5.0,2.0,1.0,3.0,1.0,1.0,2.0,1.0,1.0,11.0
564,3,2.0,2.0,1.0,3.0,1.0,1.0,2.0,1.0,1.0,4.0
565,2,3.0,2.0,1.0,2.0,1.0,1.0,2.0,1.0,1.0,3.0
566,6,3.0,1.0,1.0,,1.0,2.0,2.0,1.0,1.0,9.0
567,3,4.0,3.0,1.0,2.0,1.0,2.0,2.0,1.0,1.0,2.0
568,6,3.0,1.0,1.0,2.0,1.0,1.0,2.0,1.0,1.0,18.0
569,6,2.0,1.0,1.0,2.0,1.0,2.0,1.0,1.0,1.0,12.0
570,2,3.0,,1.0,3.0,,2.0,2.0,1.0,1.0,2.0
571,2,3.0,3.0,1.0,3.0,1.0,1.0,2.0,1.0,1.0,3.0
572,6,2.0,1.0,1.0,2.0,1.0,1.0,2.0,1.0,1.0,12.0
573,2,3.0,2.0,1.0,3.0,1.0,1.0,2.0,1.0,1.0,4.0
574,6,3.0,1.0,1.0,2.0,1.0,2.0,2.0,1.0,1.0,9.0
575,3,4.0,2.0,1.0,3.0,1.0,2.0,,1.0,1.0,4.0
576,6,3.0,1.0,1.0,2.0,1.0,1.0,2.0,1.0,1.0,18.0
577,6,2.0,1.0,1.0,3.0,1.0,2.0,1.0,1.0,1.0,18.0
578,1,1.0,2.0,1.0,3.0,1.0,1.0,2.0,1.0,1.0,1.0
579,2,3.0,,1.0,2.0,1.0,2.0,2.0,1.0,1.0,2.0
580,2,3.0,2.0,1.0,2.0,1.0,1.0,2.0,1.0,1.0,3.0
581,2,2.0,2.0,1.0,3.0,1.0,1.0,2.0,1.0,1.0,3.0
582,2,3.0,2.0,,1.0,1.0,1.0,2.0,1.0,1.0,2.0
583,1,1.0,2.0,1.0,3.0,1.0,1.0,2.0,1.0,1.0,1.0
584,2,3.0,2.0,1.0,2.0,1.0,1.0,2.0,1.0,1.0,3.0
585,3,4.0,3.0,1.0,3.0,1.0,2.0,2.0,1.0,1.0,3.0
586,6,3.0,1.0,1.0,2.0,1.0,,2.0,1.0,1.0,18.0
587,6,3.0,1.0,,3.0,1.0,2.0,1.0,1.0,1.0,27.0
588,2,3.0,2.0,1.0,3.0,1.0,1.0,2.0,,1.0,4.0
589,2,3.0,2.0,1.0,3.0,1.0,2.0,2.0,1.0,1.0,2.0
590,6,3.0,1.0,1.0,3.0,1.0,1.0,2.0,1.0,1.0,27.0
591,2,2.0,2.0,1.0,,1.0,1.0,2.0,1.0,1.0,2.0
592,3,3.0,2.0,1.0,3.0,1.0,1.0,2.0,1.0,1.0,7.0
593,6,3.0,1.0,2.0,3.0,1.0,1.0,2.0,1.0,1.0,54.0
594,6,3.0,1.0,1.0,3.0,1.0,1.0,,1.0,1.0,27.0
595,3,4.0,2.0,1.0,2.0,1.0,2.0,2.0,1.0,1.0,3.0
596,6,3.0,1.0,1.0,2.0,1.0,1.0,2.0,1.0,1.0,18.0
597,6,3.0,1.0,1.0,2.0,1.0,2.0,1.0,1.0,1.0,18.0
598,3,3.0,3.0,1.0,3.0,1.0,1.0,2.0,1.0,1.0,4.0
599,3,4.0,3.0,2.0,2.0,1.0,2.0,,,1.0,4.0
600,5,3.0,2.0,2.0,2.0,1.0,1.0,,,1.0,15.0
601,6,2.0,1.0,1.0,2.0,1.0,1.0,2.0,1.0,1.0,12.0
602,2,2.0,3.0,1.0,2.0,1.0,1.0,2.0,1.0,1.0,1.0
603,6,3.0,1.0,1.0,2.0,1.0,1.0,2.0,1.0,1.0,18.0
604,6,3.0,1.0,1.0,2.0,1.0,1.0,2.0,1.0,1.0,18.0
605,3,4.0,2.0,1.0,3.0,1.0,2.0,2.0,1.0,1.0,4.0
606,3,4.0,3.0,2.0,2.0,1.0,2.0,2.0,1.0,1.0,4.0
607,3,3.0,2.0,2.0,2.0,,2.0,2.0,,1.0,14.0
608,5,5.0,2.0,1.0,2.0,1.0,1.0,2.0,1.0,1.0,12.0
609,2,2.0,2.0,1.0,3.0,1.0,1.0,2.0,1.0,1.0,3.0
610,3,2.0,3.0,1.0,3.0,1.0,1.0,2.0,1.0,1.0,3.0
611,2,3.0,2.0,1.0,2.0,1.0,1.0,2.0,1.0,1.0,3.0
612,6,2.0,1.0,1.0,2.0,1.0,1.0,2.0,1.0,1.0,12.0
613,6,2.0,1.0,1.0,3.0,1.0,1.0,1.0,1.0,1.0,36.0
614,3,3.0,2.0,1.0,3.0,1.0,1.0,2.0,1.0,1.0,7.0
615,3,3.0,3.0,1.0,,1.0,2.0,2.0,1.0,1.0,1.0
616,2,2.0,3.0,1.0,2.0,1.0,2.0,,1.0,1.0,1.0
617,2,3.0,2.0,1.0,3.0,1.0,1.0,2.0,1.0,1.0,4.0
618,1,1.0,3.0,2.0,2.0,1.0,2.0,2.0,1.0,1.0,0.0
619,6,3.0,1.0,1.0,3.0,1.0,1.0,2.0,1.0,1.0,27.0
620,1,1.0,2.0,1.0,3.0,1.0,1.0,2.0,1.0,1.0,1.0
621,2,3.0,3.0,1.0,3.0,1.0,1.0,2.0,1.0,1.0,3.0
622,6,2.0,1.0,2.0,1.0,1.0,2.0,2.0,1.0,1.0,6.0
623,2,3.0,2.0,1.0,2.0,1.0,,2.0,1.0,1.0,2.0
624,6,3.0,1.0,1.0,2.0,1.0,1.0,2.0,1.0,1.0,18.0
625,1,1.0,3.0,1.0,2.0,1.0,2.0,2.0,1.0,1.0,0.0
626,2,3.0,2.0,1.0,2.0,1.0,1.0,2.0,1.0,1.0,3.0
627,1,1.0,2.0,1.0,3.0,1.0,1.0,2.0,1.0,1.0,1.0
628,3,4.0,2.0,1.0,3.0,1.0,1.0,2.0,1.0,1.0,9.0
629,2,3.0,2.0,1.0,2.0,1.0,1.0,2.0,1.0,1.0,3.0
630,1,1.0,2.0,1.0,3.0,,1.0,2.0,1.0,1.0,1.0
631,2,3.0,2.0,2.0,2.0,1.0,2.0,2.0,1.0,1.0,3.0
632,2,3.0,3.0,1.0,3.0,1.0,1.0,2.0,1.0,1.0,3.0
633,2,2.0,2.0,1.0,2.0,1.0,2.0,2.0,1.0,1.0,1.0
634,2,3.0,2.0,1.0,3.0,1.0,1.0,2.0,1.0,1.0,4.0
635,3,4.0,3.0,1.0,2.0,1.0,1.0,2.0,1.0,1.0,4.0
636,4,4.0,3.0,1.0,3.0,1.0,1.0,2.0,1.0,1.0,8.0
637,6,2.0,1.0,1.0,3.0,1.0,1.0,2.0,1.0,1.0,18.0
638,2,2.0,2.0,1.0,3.0,1.0,,2.0,1.0,1.0,3.0
639,6,3.0,1.0,1.0,1.0,1.0,2.0,2.0,1.0,1.0,4.0
640,3,3.0,2.0,1.0,2.0,1.0,1.0,2.0,1.0,1.0,4.0
641,2,3.0,2.0,,3.0,1.0,2.0,2.0,1.0,1.0,4.0
642,2,3.0,2.0,1.0,3.0,1.0,1.0,,1.0,1.0,4.0
643,3,4.0,2.0,1.0,2.0,1.0,2.0,2.0,1.0,1.0,3.0
644,5,3.0,3.0,1.0,3.0,1.0,2.0,2.0,1.0,1.0,4.0
645,3,4.0,3.0,1.0,2.0,1.0,,2.0,1.0,1.0,4.0
646,2,2.0,2.0,,3.0,,1.0,2.0,1.0,1.0,3.0
647,3,4.0,3.0,1.0,3.0,1.0,1.0,2.0,1.0,1.0,6.0
648,4,3.0,2.0,1.0,3.0,1.0,1.0,2.0,1.0,1.0,9.0
649,6,3.0,1.0,1.0,2.0,1.0,2.0,2.0,1.0,1.0,9.0
650,2,3.0,2.0,1.0,,1.0,1.0,2.0,1.0,1.0,3.0
651,6,3.0,1.0,1.0,1.0,1.0,1.0,2.0,,1.0,9.0
652,2,3.0,2.0,,3.0,1.0,2.0,2.0,1.0,1.0,2.0
653,5,3.0,3.0,1.0,3.0,1.0,2.0,,1.0,1.0,4.0
654,3,2.0,2.0,1.0,2.0,1.0,2.0,2.0,1.0,,2.0
655,3,4.0,3.0,2.0,3.0,1.0,2.0,2.0,1.0,1.0,6.0
656,3,2.0,4.0,2.0,3.0,1.0,1.0,2.0,1.0,1.0,4.0
657,6,6.0,1.0,1.0,3.0,1.0,,1.0,1.0,1.0,108.0
658,2,2.0,2.0,1.0,2.0,1.0,1.0,2.0,1.0,1.0,2.0
659,6,3.0,1.0,,2.0,1.0,1.0,2.0,1.0,1.0,18.0
660,6,4.0,1.0,1.0,1.0,1.0,2.0,2.0,1.0,1.0,6.0
661,5,3.0,3.0,2.0,2.0,1.0,2.0,2.0,1.0,1.0,5.0
662,1,1.0,2.0,1.0,2.0,1.0,2.0,2.0,1.0,1.0,0.0
663,3,3.0,3.0,1.0,2.0,1.0,2.0,2.0,1.0,1.0,2.0
664,4,5.0,4.0,,3.0,1.0,,2.0,,1.0,8.0
665,1,1.0,2.0,1.0,2.0,1.0,1.0,2.0,1.0,1.0,0.0
666,2,5.0,2.0,1.0,3.0,1.0,2.0,2.0,1.0,1.0,4.0
667,1,1.0,2.0,1.0,,1.0,1.0,2.0,1.0,1.0,1.0
668,6,2.0,1.0,1.0,2.0,1.0,1.0,2.0,1.0,1.0,12.0
669,6,2.0,1.0,1.0,3.0,1.0,2.0,2.0,1.0,1.0,9.0
670,5,2.0,3.0,1.0,2.0,1.0,2.0,2.0,1.0,1.0,2.0
671,6,3.0,1.0,1.0,1.0,1.0,,2.0,1.0,1.0,4.0
672,3,4.0,3.0,,3.0,1.0,2.0,2.0,1.0,1.0,3.0
673,4,6.0,3.0,2.0,3.0,1.0,2.0,2.0,2.0,1.0,24.0
674,5,5.0,2.0,1.0,2.0,1.0,2.0,2.0,1.0,1.0,6.0
675,1,1.0,2.0,1.0,3.0,1.0,1.0,2.0,1.0,1.0,1.0
676,6,2.0,1.0,1.0,2.0,1.0,1.0,2.0,1.0,1.0,12.0
677,1,1.0,2.0,1.0,2.0,1.0,2.0,2.0,1.0,1.0,0.0
678,3,4.0,3.0,1.0,2.0,1.0,2.0,2.0,1.0,1.0,2.0
679,5,6.0,3.0,,2.0,1.0,2.0,2.0,1.0,1.0,5.0
680,4,5.0,2.0,2.0,2.0,1.0,,2.0,1.0,1.0,10.0
681,1,1.0,3.0,1.0,3.0,1.0,1.0,2.0,1.0,1.0,0.0
682,6,3.0,1.0,1.0,2.0,1.0,2.0,1.0,1.0,1.0,18.0
683,6,2.0,1.0,1.0,2.0,1.0,1.0,2.0,1.0,1.0,12.0
684,1,1.0,2.0,1.0,1.0,1.0,2.0,2.0,1.0,1.0,0.0
685,3,3.0,3.0,2.0,2.0,1.0,2.0,2.0,1.0,1.0,3.0
686,4,6.0,3.0,2.0,,1.0,2.0,2.0,1.0,1.0,8.0
687,5,5.0,2.0,1.0,3.0,1.0,2.0,2.0,1.0,1.0,9.0
688,2,2.0,2.0,1.0,3.0,1.0,1.0,2.0,1.0,1.0,3.0
689,2,3.0,2.0,1.0,,1.0,2.0,2.0,1.0,1.0,2.0
690,6,2.0,1.0,1.0,,1.0,2.0,2.0,,1.0,3.0
691,1,1.0,3.0,1.0,1.0,1.0,2.0,2.0,1.0,1.0,0.0
692,5,6.0,3.0,1.0,2.0,1.0,2.0,2.0,1.0,1.0,5.0
693,3,5.0,3.0,2.0,3.0,1.0,2.0,2.0,1.0,1.0,8.0
694,2,2.0,2.0,,2.0,1.0,1.0,2.0,1.0,1.0,2.0
695,6,3.0,1.0,1.0,3.0,1.0,2.0,2.0,1.0,1.0,14.0
696,6,2.0,1.0,1.0,2.0,1.0,1.0,,1.0,1.0,12.0
697,1,1.0,2.0,1.0,3.0,1.0,1.0,2.0,1.0,1.0,1.0
698,6,3.0,1.0,1.0,3.0,1.0,1.0,1.0,1.0,1.0,54.0
699,6,2.0,1.0,1.0,3.0,1.0,2.0,2.0,1.0,1.0,9.0
700,5,4.0,3.0,2.0,3.0,1.0,2.0,2.0,2.0,1.0,20.0
701,4,5.0,3.0,1.0,3.0,1.0,2.0,2.0,1.0,1.0,5.0
702,6,3.0,1.0,,2.0,1.0,2.0,2.0,,1.0,9.0
703,6,2.0,1.0,1.0,2.0,1.0,1.0,2.0,1.0,1.0,12.0
704,6,3.0,1.0,1.0,3.0,1.0,1.0,1.0,1.0,1.0,54.0
705,6,2.0,1.0,1.0,3.0,1.0,2.0,2.0,1.0,1.0,9.0
706,5,4.0,3.0,2.0,3.0,1.0,2.0,2.0,1.0,1.0,10.0
707,4,5.0,3.0,1.0,3.0,1.0,2.0,2.0,1.0,1.0,5.0
708,6,3.0,1.0,1.0,3.0,1.0,2.0,2.0,1.0,1.0,14.0
709,6,2.0,1.0,1.0,3.0,1.0,1.0,2.0,,1.0,18.0
710,6,3.0,1.0,1.0,,1.0,1.0,1.0,1.0,1.0,54.0
711,1,1.0,2.0,1.0,3.0,1.0,1.0,2.0,1.0,1.0,1.0
712,5,4.0,3.0,2.0,2.0,3.0,2.0,2.0,1.0,1.0,20.0
713,4,5.0,2.0,2.0,2.0,2.0,2.0,2.0,1.0,1.0,20.0
714,6,3.0,1.0,1.0,2.0,1.0,2.0,2.0,1.0,1.0,9.0
715,6,2.0,1.0,1.0,,1.0,1.0,2.0,1.0,1.0,12.0
716,2,3.0,3.0,1.0,3.0,1.0,1.0,2.0,1.0,,3.0
717,5,4.0,3.0,1.0,2.0,1.0,2.0,2.0,1.0,1.0,3.0
718,4,5.0,2.0,2.0,2.0,1.0,2.0,2.0,1.0,1.0,10.0
719,6,3.0,1.0,1.0,3.0,1.0,2.0,2.0,1.0,1.0,14.0
720,6,2.0,1.0,1.0,3.0,1.0,1.0,2.0,1.0,1.0,18.0
721,3,3.0,3.0,1.0,3.0,1.0,1.0,2.0,1.0,1.0,4.0
722,5,4.0,3.0,1.0,,1.0,2.0,2.0,1.0,1.0,3.0
723,4,4.0,2.0,1.0,2.0,1.0,2.0,2.0,1.0,1.0,4.0
724,6,3.0,1.0,1.0,3.0,1.0,2.0,2.0,1.0,,14.0
725,3,3.0,3.0,1.0,3.0,1.0,2.0,2.0,1.0,1.0,2.0
726,2,2.0,2.0,1.0,2.0,1.0,1.0,2.0,1.0,1.0,2.0
727,1,1.0,2.0,1.0,3.0,1.0,1.0,2.0,1.0,1.0,1.0
728,5,4.0,3.0,2.0,2.0,1.0,2.0,2.0,1.0,1.0,7.0
729,6,3.0,1.0,1.0,3.0,1.0,2.0,2.0,1.0,1.0,14.0
730,3,4.0,2.0,1.0,3.0,1.0,2.0,2.0,1.0,1.0,4.0
731,1,1.0,2.0,1.0,3.0,1.0,1.0,2.0,1.0,1.0,1.0
732,1,1.0,2.0,1.0,2.0,1.0,1.0,2.0,1.0,1.0,0.0
733,1,1.0,2.0,1.0,2.0,1.0,1.0,2.0,1.0,1.0,0.0
734,1,1.0,3.0,1.0,3.0,1.0,1.0,2.0,1.0,1.0,0.0
735,4,3.0,2.0,1.0,1.0,1.0,2.0,2.0,1.0,1.0,2.0
736,3,4.0,3.0,1.0,3.0,,2.0,2.0,1.0,1.0,3.0
737,6,2.0,1.0,1.0,3.0,1.0,1.0,2.0,1.0,,18.0
738,2,2.0,2.0,1.0,3.0,1.0,1.0,2.0,1.0,1.0,3.0
739,1,1.0,2.0,1.0,3.0,1.0,1.0,2.0,1.0,1.0,1.0
740,6,3.0,1.0,1.0,2.0,1.0,2.0,1.0,1.0,1.0,18.0
741,6,2.0,1.0,2.0,2.0,1.0,2.0,2.0,1.0,1.0,12.0
742,2,3.0,2.0,1.0,3.0,1.0,1.0,2.0,1.0,1.0,4.0
743,3,4.0,3.0,1.0,3.0,1.0,2.0,2.0,1.0,1.0,3.0
744,6,2.0,1.0,1.0,2.0,,1.0,2.0,1.0,1.0,12.0
745,1,1.0,2.0,1.0,2.0,1.0,1.0,2.0,1.0,1.0,0.0
746,2,2.0,2.0,1.0,2.0,1.0,1.0,2.0,1.0,1.0,2.0
747,6,3.0,1.0,1.0,2.0,1.0,2.0,1.0,1.0,1.0,18.0
748,1,1.0,3.0,1.0,3.0,1.0,1.0,2.0,1.0,1.0,0.0
749,6,3.0,1.0,1.0,2.0,,1.0,1.0,1.0,1.0,36.0
750,6,4.0,1.0,1.0,2.0,1.0,1.0,2.0,1.0,1.0,24.0
751,2,4.0,2.0,1.0,2.0,1.0,2.0,2.0,1.0,1.0,2.0
752,1,1.0,2.0,1.0,3.0,1.0,1.0,2.0,1.0,1.0,1.0
753,1,1.0,3.0,1.0,3.0,1.0,1.0,2.0,1.0,1.0,0.0
754,1,1.0,2.0,1.0,3.0,1.0,1.0,2.0,1.0,1.0,1.0
755,6,3.0,1.0,1.0,3.0,1.0,2.0,1.0,1.0,1.0,27.0
756,2,2.0,2.0,1.0,3.0,1.0,1.0,2.0,1.0,1.0,3.0
757,2,3.0,2.0,1.0,3.0,1.0,1.0,2.0,1.0,1.0,4.0
758,6,4.0,1.0,1.0,3.0,1.0,1.0,2.0,1.0,1.0,36.0
759,4,4.0,2.0,1.0,3.0,1.0,2.0,2.0,1.0,1.0,6.0
760,1,1.0,2.0,1.0,3.0,,1.0,2.0,1.0,1.0,1.0
761,6,3.0,1.0,1.0,2.0,1.0,2.0,1.0,1.0,1.0,18.0
762,2,2.0,2.0,1.0,2.0,1.0,1.0,2.0,1.0,1.0,2.0
763,6,3.0,1.0,1.0,3.0,1.0,1.0,2.0,1.0,1.0,27.0
764,2,4.0,2.0,,2.0,1.0,2.0,2.0,1.0,1.0,2.0
765,2,2.0,2.0,1.0,3.0,1.0,1.0,2.0,1.0,1.0,3.0
766,6,3.0,1.0,1.0,2.0,1.0,2.0,1.0,1.0,,18.0
767,6,2.0,1.0,1.0,1.0,1.0,1.0,2.0,1.0,1.0,6.0
768,6,3.0,1.0,1.0,1.0,1.0,1.0,2.0,1.0,1.0,9.0
769,2,3.0,3.0,1.0,3.0,1.0,1.0,2.0,1.0,1.0,3.0
770,6,4.0,1.0,1.0,3.0,1.0,2.0,1.0,1.0,1.0,36.0
771,1,1.0,3.0,1.0,,1.0,1.0,2.0,1.0,1.0,0.0
772,6,3.0,1.0,1.0,2.0,1.0,1.0,2.0,,1.0,18.0
773,1,1.0,2.0,2.0,2.0,1.0,2.0,2.0,1.0,1.0,0.0
774,2,3.0,2.0,1.0,2.0,1.0,1.0,2.0,1.0,1.0,3.0
775,2,4.0,2.0,1.0,3.0,1.0,2.0,2.0,1.0,1.0,3.0
776,1,1.0,2.0,2.0,2.0,1.0,1.0,2.0,1.0,1.0,1.0
777,6,3.0,1.0,1.0,2.0,1.0,1.0,2.0,1.0,1.0,18.0
778,6,2.0,1.0,1.0,2.0,1.0,1.0,2.0,1.0,1.0,12.0
779,2,2.0,2.0,1.0,3.0,1.0,1.0,2.0,1.0,1.0,3.0
780,1,1.0,2.0,1.0,3.0,1.0,1.0,2.0,1.0,1.0,1.0
781,2,3.0,2.0,2.0,2.0,1.0,1.0,2.0,1.0,1.0,6.0
782,6,4.0,1.0,1.0,2.0,1.0,2.0,2.0,1.0,1.0,12.0
783,1,1.0,2.0,1.0,1.0,1.0,1.0,2.0,1.0,1.0,
784,6,3.0,1.0,1.0,2.0,1.0,1.0,2.0,1.0,1.0,18.0
785,1,1.0,2.0,1.0,3.0,1.0,1.0,2.0,1.0,,1.0
786,6,2.0,1.0,1.0,,1.0,1.0,2.0,1.0,1.0,12.0
787,2,2.0,2.0,1.0,2.0,1.0,1.0,2.0,1.0,1.0,2.0
788,6,4.0,,1.0,2.0,1.0,2.0,2.0,1.0,1.0,12.0
789,6,5.0,1.0,1.0,3.0,1.0,1.0,2.0,1.0,1.0,45.0
790,1,1.0,2.0,1.0,,1.0,1.0,2.0,1.0,1.0,0.0
791,6,2.0,1.0,1.0,1.0,1.0,1.0,2.0,1.0,1.0,6.0
792,6,3.0,1.0,1.0,2.0,1.0,,2.0,1.0,,18.0
793,2,2.0,2.0,1.0,3.0,1.0,1.0,2.0,1.0,1.0,3.0
794,6,4.0,1.0,1.0,3.0,1.0,2.0,2.0,1.0,1.0,18.0
795,6,5.0,1.0,1.0,2.0,1.0,1.0,2.0,1.0,1.0,30.0
796,1,1.0,2.0,1.0,3.0,1.0,1.0,2.0,1.0,1.0,1.0
797,6,3.0,1.0,1.0,2.0,,1.0,2.0,1.0,1.0,18.0
798,2,2.0,2.0,1.0,2.0,1.0,1.0,2.0,1.0,1.0,2.0
799,1,1.0,2.0,1.0,1.0,1.0,2.0,2.0,1.0,,0.0
800,6,3.0,1.0,1.0,2.0,1.0,1.0,2.0,1.0,1.0,18.0
801,2,3.0,2.0,2.0,,1.0,1.0,2.0,1.0,1.0,6.0
802,1,1.0,2.0,1.0,3.0,1.0,1.0,2.0,1.0,1.0,1.0
803,2,3.0,2.0,1.0,2.0,1.0,1.0,2.0,1.0,1.0,3.0
804,1,1.0,2.0,1.0,2.0,1.0,2.0,2.0,,1.0,0.0
805,6,3.0,1.0,1.0,3.0,1.0,1.0,2.0,1.0,1.0,27.0
806,2,3.0,2.0,2.0,,1.0,1.0,2.0,1.0,1.0,9.0
807,1,1.0,2.0,2.0,3.0,1.0,1.0,2.0,1.0,1.0,2.0
808,2,3.0,2.0,1.0,3.0,1.0,1.0,2.0,1.0,1.0,4.0
809,1,1.0,2.0,1.0,2.0,1.0,1.0,2.0,1.0,1.0,0.0
810,6,3.0,1.0,1.0,3.0,1.0,1.0,1.0,1.0,1.0,54.0
811,6,4.0,1.0,1.0,,1.0,1.0,1.0,1.0,1.0,72.0
812,6,4.0,1.0,1.0,3.0,1.0,1.0,1.0,1.0,1.0,72.0
813,6,4.0,1.0,1.0,2.0,1.0,1.0,1.0,,1.0,48.0
814,6,4.0,1.0,1.0,2.0,1.0,1.0,1.0,1.0,1.0,48.0
815,6,3.0,1.0,1.0,3.0,1.0,1.0,2.0,1.0,1.0,27.0
816,3,4.0,3.0,1.0,3.0,1.0,2.0,2.0,1.0,1.0,3.0
817,6,3.0,1.0,1.0,2.0,1.0,1.0,2.0,1.0,1.0,18.0
818,3,2.0,2.0,1.0,,1.0,1.0,2.0,1.0,1.0,3.0
819,3,4.0,3.0,1.0,3.0,1.0,1.0,2.0,1.0,1.0,6.0
820,2,4.0,2.0,1.0,3.0,1.0,1.0,2.0,1.0,1.0,6.0
821,6,3.0,1.0,1.0,2.0,1.0,1.0,1.0,1.0,1.0,36.0
822,6,3.0,1.0,1.0,2.0,1.0,1.0,1.0,1.0,1.0,36.0
823,2,3.0,2.0,1.0,3.0,1.0,1.0,2.0,1.0,1.0,4.0
824,1,1.0,2.0,1.0,3.0,1.0,1.0,2.0,1.0,1.0,1.0
825,6,3.0,1.0,1.0,2.0,,1.0,1.0,1.0,1.0,36.0
826,6,3.0,1.0,1.0,3.0,1.0,1.0,2.0,1.0,1.0,27.0
827,3,4.0,3.0,1.0,3.0,1.0,2.0,2.0,1.0,1.0,3.0
828,6,3.0,1.0,1.0,2.0,1.0,1.0,2.0,1.0,1.0,18.0
829,3,2.0,2.0,1.0,3.0,1.0,1.0,2.0,1.0,1.0,4.0
830,3,4.0,3.0,1.0,3.0,1.0,2.0,2.0,1.0,1.0,3.0
831,2,4.0,2.0,1.0,3.0,1.0,1.0,2.0,1.0,1.0,6.0
832,6,3.0,1.0,1.0,2.0,1.0,1.0,1.0,1.0,1.0,36.0
833,6,3.0,1.0,1.0,2.0,1.0,1.0,1.0,1.0,1.0,36.0
834,6,3.0,1.0,1.0,2.0,1.0,1.0,2.0,1.0,1.0,18.0
835,6,3.0,1.0,1.0,3.0,1.0,1.0,1.0,1.0,1.0,54.0
836,3,5.0,2.0,1.0,3.0,1.0,2.0,2.0,1.0,1.0,6.0
837,6,3.0,1.0,1.0,2.0,1.0,1.0,2.0,1.0,1.0,18.0
838,2,2.0,2.0,2.0,2.0,,1.0,2.0,1.0,1.0,4.0
839,3,3.0,2.0,2.0,2.0,2.0,2.0,2.0,1.0,1.0,9.0
840,2,2.0,2.0,1.0,2.0,1.0,1.0,2.0,1.0,1.0,2.0
841,6,3.0,1.0,1.0,3.0,1.0,1.0,1.0,1.0,1.0,54.0
842,6,3.0,1.0,1.0,3.0,1.0,1.0,1.0,1.0,1.0,54.0
843,2,3.0,2.0,1.0,3.0,1.0,1.0,2.0,1.0,1.0,4.0
844,5,4.0,3.0,1.0,3.0,1.0,1.0,2.0,1.0,1.0,10.0
845,4,3.0,2.0,1.0,2.0,1.0,2.0,2.0,1.0,1.0,3.0
846,6,3.0,1.0,1.0,2.0,1.0,1.0,2.0,1.0,1.0,18.0
847,3,2.0,2.0,1.0,2.0,1.0,1.0,2.0,1.0,1.0,3.0
848,2,3.0,2.0,2.0,2.0,3.0,2.0,2.0,1.0,1.0,9.0
849,6,3.0,1.0,1.0,1.0,1.0,1.0,2.0,1.0,1.0,9.0
850,3,3.0,2.0,1.0,1.0,1.0,1.0,2.0,1.0,1.0,2.0
851,2,3.0,2.0,1.0,3.0,1.0,1.0,2.0,1.0,1.0,4.0
852,3,4.0,3.0,2.0,3.0,,1.0,2.0,1.0,1.0,12.0
853,2,4.0,2.0,1.0,3.0,1.0,2.0,2.0,1.0,1.0,3.0
854,6,3.0,1.0,1.0,2.0,1.0,2.0,1.0,1.0,1.0,18.0
855,6,3.0,1.0,1.0,2.0,1.0,1.0,2.0,1.0,1.0,18.0
856,2,2.0,2.0,1.0,2.0,1.0,1.0,2.0,1.0,1.0,2.0
857,6,3.0,1.0,1.0,1.0,2.0,2.0,2.0,1.0,1.0,9.0
858,2,3.0,2.0,1.0,3.0,1.0,1.0,2.0,1.0,1.0,4.0
859,2,3.0,2.0,1.0,3.0,1.0,,2.0,1.0,1.0,4.0
860,3,6.0,3.0,2.0,3.0,1.0,2.0,2.0,1.0,1.0,9.0
861,4,4.0,3.0,1.0,3.0,1.0,2.0,2.0,1.0,1.0,4.0
862,6,3.0,1.0,1.0,2.0,1.0,2.0,1.0,1.0,1.0,18.0
863,2,2.0,2.0,1.0,3.0,1.0,1.0,2.0,1.0,1.0,3.0
864,6,3.0,1.0,1.0,3.0,1.0,1.0,2.0,1.0,1.0,27.0
865,2,2.0,2.0,1.0,2.0,1.0,1.0,2.0,1.0,1.0,2.0
866,6,3.0,1.0,1.0,3.0,,2.0,2.0,1.0,1.0,14.0
867,2,3.0,2.0,1.0,2.0,1.0,1.0,2.0,1.0,,3.0
868,2,3.0,2.0,1.0,2.0,1.0,1.0,2.0,1.0,1.0,3.0
869,3,6.0,3.0,2.0,3.0,1.0,2.0,2.0,1.0,1.0,9.0
870,4,4.0,3.0,1.0,2.0,1.0,2.0,2.0,1.0,1.0,3.0
871,6,3.0,1.0,1.0,3.0,1.0,2.0,,1.0,1.0,27.0
872,2,2.0,2.0,1.0,3.0,1.0,1.0,2.0,1.0,1.0,3.0
873,1,1.0,2.0,1.0,3.0,1.0,1.0,2.0,1.0,1.0,1.0
874,1,1.0,2.0,1.0,2.0,1.0,1.0,2.0,1.0,1.0,0.0
875,6,3.0,1.0,1.0,,1.0,1.0,2.0,1.0,1.0,18.0
876,6,2.0,1.0,1.0,1.0,1.0,1.0,2.0,1.0,1.0,6.0
877,6,3.0,1.0,1.0,2.0,1.0,2.0,,1.0,1.0,9.0
878,6,3.0,1.0,1.0,1.0,1.0,1.0,2.0,1.0,1.0,9.0
879,6,3.0,1.0,1.0,2.0,1.0,1.0,2.0,1.0,1.0,18.0
880,3,4.0,3.0,2.0,2.0,1.0,2.0,2.0,1.0,1.0,4.0
881,3,3.0,3.0,2.0,3.0,1.0,2.0,2.0,1.0,1.0,4.0
882,6,3.0,1.0,1.0,2.0,1.0,2.0,1.0,1.0,1.0,18.0
883,2,2.0,2.0,1.0,2.0,1.0,1.0,2.0,1.0,1.0,2.0
884,3,2.0,2.0,,3.0,1.0,,2.0,1.0,1.0,4.0
885,3,3.0,2.0,1.0,3.0,1.0,1.0,2.0,1.0,1.0,7.0
886,6,3.0,1.0,1.0,2.0,1.0,2.0,2.0,1.0,1.0,9.0
887,6,3.0,1.0,1.0,2.0,1.0,1.0,2.0,1.0,1.0,18.0
888,6,3.0,1.0,1.0,1.0,1.0,1.0,2.0,1.0,1.0,9.0
889,3,3.0,2.0,1.0,2.0,1.0,2.0,2.0,1.0,1.0,2.0
890,3,3.0,2.0,1.0,2.0,1.0,2.0,2.0,1.0,1.0,2.0
891,6,3.0,1.0,1.0,2.0,1.0,2.0,1.0,1.0,1.0,18.0
892,3,3.0,2.0,1.0,3.0,1.0,1.0,2.0,1.0,1.0,7.0
893,4,3.0,2.0,2.0,3.0,,1.0,2.0,1.0,1.0,54.0
894,1,1.0,2.0,1.0,3.0,1.0,1.0,2.0,1.0,1.0,1.0
895,6,3.0,1.0,1.0,3.0,1.0,2.0,2.0,1.0,1.0,14.0
896,6,3.0,1.0,1.0,2.0,1.0,1.0,2.0,1.0,1.0,18.0
897,6,3.0,1.0,1.0,2.0,1.0,1.0,2.0,1.0,1.0,18.0
898,3,6.0,3.0,2.0,2.0,1.0,2.0,2.0,1.0,1.0,6.0
899,2,3.0,2.0,1.0,2.0,1.0,2.0,2.0,1.0,1.0,2.0
900,6,3.0,1.0,1.0,3.0,1.0,,1.0,1.0,1.0,27.0
901,1,1.0,2.0,1.0,3.0,1.0,1.0,2.0,1.0,1.0,1.0
902,3,4.0,3.0,1.0,3.0,1.0,1.0,2.0,1.0,1.0,6.0
903,2,3.0,2.0,2.0,2.0,2.0,1.0,2.0,1.0,1.0,12.0
904,3,2.0,2.0,1.0,3.0,1.0,1.0,2.0,1.0,1.0,4.0
905,6,3.0,1.0,1.0,2.0,1.0,2.0,2.0,1.0,1.0,9.0
906,6,3.0,1.0,1.0,2.0,1.0,1.0,2.0,1.0,1.0,18.0
907,6,3.0,1.0,1.0,3.0,1.0,1.0,2.0,1.0,1.0,27.0
908,3,6.0,3.0,2.0,2.0,,2.0,2.0,1.0,1.0,6.0
909,2,3.0,2.0,1.0,2.0,1.0,2.0,2.0,1.0,1.0,2.0
910,6,3.0,1.0,1.0,3.0,1.0,2.0,1.0,1.0,1.0,27.0
911,1,1.0,2.0,1.0,1.0,1.0,1.0,2.0,1.0,1.0,0.0
912,3,4.0,3.0,1.0,3.0,1.0,2.0,2.0,1.0,1.0,3.0
913,2,3.0,2.0,1.0,2.0,1.0,1.0,2.0,1.0,1.0,3.0
914,3,2.0,2.0,1.0,3.0,1.0,1.0,2.0,1.0,1.0,4.0
915,6,3.0,1.0,1.0,2.0,1.0,2.0,2.0,1.0,1.0,9.0
916,6,3.0,1.0,1.0,2.0,1.0,,2.0,1.0,1.0,18.0
917,4,4.0,2.0,1.0,2.0,1.0,2.0,2.0,1.0,1.0,4.0
918,2,3.0,2.0,1.0,1.0,1.0,2.0,2.0,1.0,1.0,1.0
919,6,3.0,1.0,1.0,3.0,1.0,2.0,1.0,1.0,1.0,27.0
920,6,2.0,1.0,1.0,2.0,1.0,1.0,2.0,1.0,1.0,12.0
921,4,4.0,4.0,2.0,2.0,1.0,,2.0,1.0,1.0,4.0
922,3,4.0,3.0,1.0,3.0,1.0,1.0,2.0,1.0,1.0,6.0
923,3,4.0,3.0,1.0,3.0,1.0,1.0,2.0,1.0,1.0,6.0
924,4,3.0,3.0,1.0,,1.0,1.0,2.0,1.0,,6.0
925,3,3.0,3.0,1.0,3.0,1.0,1.0,2.0,1.0,1.0,4.0
926,6,3.0,1.0,1.0,2.0,1.0,1.0,2.0,1.0,1.0,18.0
927,2,4.0,2.0,2.0,2.0,3.0,2.0,2.0,1.0,1.0,12.0
928,2,3.0,2.0,1.0,3.0,1.0,2.0,2.0,1.0,1.0,2.0
929,6,3.0,1.0,1.0,2.0,1.0,2.0,1.0,1.0,1.0,18.0
930,6,2.0,1.0,1.0,3.0,1.0,1.0,2.0,1.0,1.0,18.0
931,4,4.0,3.0,1.0,2.0,1.0,,2.0,1.0,1.0,3.0
932,3,6.0,3.0,1.0,3.0,1.0,2.0,2.0,1.0,1.0,4.0
933,3,4.0,2.0,1.0,,1.0,2.0,2.0,1.0,1.0,4.0
934,4,6.0,3.0,1.0,3.0,1.0,2.0,2.0,2.0,1.0,12.0
935,3,6.0,3.0,1.0,3.0,1.0,2.0,2.0,1.0,1.0,4.0
936,6,2.0,1.0,1.0,3.0,1.0,1.0,2.0,1.0,1.0,18.0
937,6,3.0,1.0,1.0,3.0,1.0,1.0,1.0,1.0,1.0,54.0
938,2,4.0,2.0,1.0,2.0,1.0,2.0,2.0,1.0,1.0,2.0
939,2,3.0,2.0,1.0,2.0,1.0,2.0,2.0,1.0,1.0,2.0
940,6,3.0,1.0,1.0,3.0,1.0,,1.0,1.0,1.0,27.0
941,3,6.0,3.0,2.0,2.0,1.0,2.0,2.0,1.0,1.0,6.0
942,1,1.0,2.0,1.0,2.0,1.0,2.0,2.0,1.0,1.0,0.0
943,4,6.0,3.0,1.0,2.0,1.0,2.0,2.0,1.0,,4.0
944,3,6.0,3.0,1.0,3.0,1.0,2.0,2.0,1.0,1.0,4.0
945,6,2.0,1.0,1.0,3.0,1.0,1.0,2.0,1.0,1.0,18.0
946,6,3.0,1.0,1.0,3.0,1.0,1.0,1.0,1.0,1.0,54.0
947,6,3.0,1.0,1.0,1.0,1.0,,2.0,1.0,1.0,4.0
948,6,3.0,1.0,1.0,3.0,1.0,2.0,1.0,1.0,1.0,27.0
949,3,4.0,3.0,1.0,2.0,1.0,2.0,2.0,1.0,,2.0
950,5,6.0,4.0,1.0,2.0,1.0,2.0,2.0,2.0,1.0,8.0
951,4,6.0,4.0,2.0,3.0,1.0,2.0,2.0,2.0,1.0,18.0
952,3,4.0,3.0,1.0,3.0,1.0,1.0,2.0,1.0,1.0,6.0
953,2,2.0,2.0,1.0,3.0,1.0,1.0,2.0,1.0,1.0,3.0
954,6,2.0,1.0,1.0,2.0,1.0,1.0,,1.0,1.0,12.0
955,1,1.0,2.0,1.0,3.0,1.0,1.0,2.0,1.0,1.0,1.0
956,6,3.0,1.0,1.0,2.0,1.0,2.0,1.0,1.0,1.0,18.0
957,3,4.0,3.0,1.0,2.0,1.0,2.0,2.0,1.0,1.0,2.0
958,4,6.0,4.0,2.0,2.0,3.0,2.0,2.0,2.0,1.0,36.0
959,5,6.0,4.0,1.0,3.0,1.0,2.0,2.0,2.0,1.0,11.0
960,3,6.0,4.0,2.0,3.0,1.0,2.0,2.0,2.0,1.0,14.0
961,2,3.0,3.0,1.0,2.0,1.0,1.0,2.0,1.0,1.0,2.0
962,6,3.0,1.0,1.0,3.0,1.0,1.0,2.0,1.0,1.0,27.0
963,3,4.0,3.0,1.0,3.0,1.0,1.0,,1.0,1.0,6.0
964,3,3.0,2.0,1.0,3.0,1.0,1.0,2.0,1.0,1.0,7.0
965,6,3.0,1.0,1.0,2.0,1.0,1.0,1.0,1.0,1.0,36.0
966,1,1.0,2.0,1.0,3.0,1.0,1.0,2.0,1.0,1.0,1.0
967,6,3.0,1.0,1.0,2.0,1.0,2.0,1.0,1.0,1.0,18.0
968,3,3.0,2.0,1.0,1.0,1.0,2.0,2.0,1.0,1.0,1.0
969,4,6.0,4.0,2.0,3.0,3.0,2.0,2.0,2.0,1.0,54.0
970,5,6.0,3.0,1.0,2.0,1.0,,2.0,2.0,1.0,10.0
971,4,6.0,4.0,2.0,3.0,3.0,2.0,2.0,2.0,1.0,54.0
972,2,2.0,3.0,1.0,2.0,1.0,1.0,2.0,1.0,1.0,1.0
973,1,3.0,2.0,1.0,3.0,1.0,1.0,,1.0,1.0,2.0
974,3,4.0,2.0,1.0,3.0,1.0,2.0,2.0,1.0,1.0,4.0
975,2,2.0,2.0,1.0,3.0,1.0,1.0,,1.0,1.0,3.0
976,6,3.0,1.0,1.0,3.0,1.0,1.0,1.0,1.0,1.0,54.0
977,2,2.0,2.0,1.0,2.0,1.0,1.0,2.0,1.0,1.0,2.0
978,6,3.0,1.0,1.0,2.0,1.0,2.0,1.0,1.0,1.0,18.0
979,6,3.0,1.0,2.0,2.0,1.0,2.0,2.0,1.0,1.0,18.0
980,4,6.0,4.0,2.0,2.0,3.0,2.0,2.0,2.0,1.0,36.0
981,4,6.0,3.0,1.0,3.0,1.0,2.0,2.0,2.0,1.0,12.0
982,4,6.0,4.0,2.0,2.0,3.0,2.0,2.0,2.0,1.0,36.0
983,1,3.0,2.0,1.0,2.0,1.0,1.0,2.0,1.0,1.0,2.0
984,4,4.0,3.0,1.0,3.0,1.0,2.0,2.0,1.0,1.0,4.0
985,3,2.0,3.0,1.0,3.0,1.0,1.0,2.0,1.0,1.0,3.0
986,6,3.0,1.0,1.0,2.0,1.0,1.0,1.0,1.0,1.0,36.0
987,2,2.0,2.0,1.0,3.0,1.0,1.0,2.0,1.0,1.0,3.0
988,6,3.0,1.0,1.0,,1.0,2.0,,1.0,1.0,14.0
989,4,6.0,4.0,2.0,2.0,2.0,2.0,2.0,2.0,1.0,24.0
990,4,4.0,3.0,1.0,2.0,1.0,2.0,2.0,1.0,1.0,3.0
991,6,3.0,1.0,1.0,2.0,1.0,1.0,2.0,1.0,1.0,18.0
992,4,4.0,2.0,2.0,2.0,1.0,2.0,2.0,1.0,1.0,8.0
993,3,2.0,3.0,1.0,3.0,1.0,2.0,2.0,1.0,1.0,2.0
994,6,3.0,1.0,1.0,2.0,,1.0,1.0,1.0,1.0,36.0
995,6,2.0,1.0,1.0,3.0,1.0,1.0,2.0,1.0,1.0,18.0
996,3,3.0,2.0,1.0,3.0,1.0,,2.0,1.0,1.0,7.0
997,6,2.0,1.0,1.0,2.0,1.0,1.0,1.0,1.0,1.0,24.0
998,4,6.0,4.0,2.0,2.0,2.0,2.0,2.0,2.0,1.0,24.0
999,5,3.0,3.0,2.0,2.0,1.0,2.0,2.0,1.0,1.0,5.0
1000,3,3.0,3.0,1.0,3.0,1.0,1.0,2.0,1.0,1.0,4.0
1001,6,3.0,1.0,1.0,3.0,1.0,1.0,2.0,1.0,1.0,27.0
1002,3,3.0,2.0,1.0,3.0,,2.0,2.0,1.0,1.0,3.0
1003,3,4.0,3.0,1.0,2.0,1.0,2.0,2.0,,1.0,2.0
1004,6,4.0,1.0,1.0,3.0,1.0,1.0,1.0,1.0,1.0,72.0
1005,3,3.0,2.0,1.0,2.0,1.0,1.0,2.0,1.0,1.0,4.0
1006,6,3.0,1.0,1.0,2.0,1.0,1.0,1.0,1.0,1.0,36.0
1007,2,3.0,2.0,1.0,3.0,1.0,1.0,2.0,1.0,1.0,4.0
1008,6,3.0,1.0,1.0,2.0,1.0,2.0,1.0,1.0,1.0,18.0
1009,4,6.0,4.0,2.0,3.0,,2.0,2.0,2.0,1.0,18.0
1010,5,4.0,3.0,2.0,2.0,1.0,2.0,2.0,1.0,1.0,7.0
1011,2,3.0,2.0,1.0,2.0,1.0,2.0,2.0,1.0,,2.0
1012,3,4.0,3.0,1.0,2.0,1.0,2.0,2.0,1.0,1.0,2.0
1013,6,4.0,1.0,1.0,2.0,,1.0,,1.0,1.0,48.0
1014,1,1.0,2.0,1.0,3.0,1.0,1.0,2.0,1.0,1.0,1.0
1015,6,3.0,1.0,1.0,3.0,1.0,1.0,1.0,1.0,1.0,54.0
1016,3,4.0,2.0,1.0,3.0,,1.0,2.0,1.0,1.0,9.0
1017,3,5.0,2.0,1.0,3.0,1.0,2.0,2.0,,1.0,6.0
1018,3,3.0,2.0,1.0,3.0,1.0,1.0,2.0,1.0,1.0,7.0
1019,4,6.0,4.0,2.0,2.0,1.0,2.0,2.0,1.0,1.0,6.0
1020,5,4.0,3.0,1.0,2.0,1.0,,2.0,1.0,1.0,3.0
1021,2,3.0,2.0,1.0,2.0,1.0,2.0,2.0,1.0,1.0,2.0
1022,3,4.0,3.0,1.0,,1.0,2.0,,1.0,,1.0
1023,6,4.0,1.0,1.0,2.0,1.0,1.0,1.0,1.0,1.0,48.0
1024,6,3.0,1.0,1.0,2.0,1.0,1.0,1.0,1.0,1.0,36.0
1025,3,4.0,2.0,1.0,2.0,1.0,1.0,2.0,1.0,1.0,6.0
1026,3,5.0,2.0,1.0,,1.0,2.0,2.0,1.0,1.0,6.0
1027,3,3.0,2.0,1.0,3.0,1.0,1.0,2.0,1.0,1.0,7.0
1028,6,3.0,1.0,1.0,1.0,1.0,2.0,,1.0,1.0,4.0
1029,5,3.0,3.0,1.0,3.0,1.0,2.0,2.0,1.0,1.0,4.0
1030,6,3.0,1.0,1.0,3.0,1.0,1.0,1.0,1.0,1.0,54.0
1031,1,1.0,3.0,1.0,2.0,1.0,1.0,2.0,1.0,1.0,0.0
1032,3,5.0,2.0,1.0,2.0,1.0,2.0,2.0,1.0,1.0,4.0
1033,3,2.0,2.0,1.0,3.0,1.0,1.0,2.0,1.0,1.0,4.0
1034,3,4.0,3.0,2.0,3.0,,1.0,2.0,1.0,1.0,24.0
1035,6,3.0,1.0,1.0,2.0,1.0,1.0,1.0,1.0,1.0,36.0
1036,2,2.0,2.0,1.0,3.0,1.0,1.0,2.0,,1.0,3.0
1037,2,2.0,2.0,1.0,2.0,1.0,1.0,,1.0,1.0,2.0
1038,3,5.0,2.0,1.0,2.0,1.0,2.0,2.0,1.0,,4.0
1039,2,3.0,2.0,1.0,2.0,1.0,1.0,2.0,1.0,1.0,3.0
1040,4,4.0,3.0,1.0,2.0,1.0,,2.0,1.0,1.0,3.0
1041,6,3.0,1.0,1.0,2.0,1.0,1.0,1.0,1.0,1.0,36.0
1042,2,3.0,2.0,1.0,3.0,1.0,,2.0,1.0,1.0,4.0
1043,6,3.0,1.0,1.0,2.0,1.0,1.0,2.0,1.0,1.0,18.0
1044,3,3.0,2.0,1.0,3.0,1.0,2.0,2.0,1.0,1.0,3.0
1045,1,1.0,2.0,1.0,1.0,1.0,1.0,2.0,1.0,1.0,0.0
1046,4,4.0,2.0,1.0,2.0,1.0,2.0,2.0,1.0,1.0,4.0
1047,6,3.0,1.0,1.0,3.0,1.0,1.0,1.0,1.0,1.0,54.0
1048,6,3.0,1.0,1.0,3.0,1.0,1.0,1.0,1.0,1.0,54.0
1049,6,3.0,1.0,1.0,2.0,1.0,1.0,2.0,1.0,1.0,18.0
1050,6,3.0,1.0,1.0,2.0,1.0,1.0,2.0,1.0,1.0,18.0
1051,3,5.0,2.0,1.0,3.0,1.0,2.0,2.0,1.0,1.0,6.0
1052,4,4.0,3.0,2.0,2.0,1.0,2.0,2.0,1.0,1.0,5.0
1053,3,3.0,2.0,1.0,3.0,1.0,1.0,2.0,1.0,1.0,7.0
1054,6,3.0,1.0,1.0,,1.0,1.0,1.0,1.0,1.0,18.0
1055,6,3.0,1.0,1.0,2.0,1.0,1.0,2.0,1.0,1.0,18.0
1056,6,3.0,1.0,1.0,2.0,,1.0,2.0,,1.0,18.0
1057,3,3.0,2.0,1.0,2.0,1.0,2.0,2.0,1.0,1.0,2.0
1058,6,3.0,1.0,1.0,2.0,2.0,2.0,2.0,1.0,1.0,18.0
1059,6,3.0,1.0,2.0,2.0,1.0,1.0,2.0,1.0,1.0,36.0
1060,3,2.0,2.0,1.0,3.0,1.0,1.0,2.0,1.0,1.0,4.0
1061,6,3.0,1.0,1.0,2.0,1.0,1.0,1.0,1.0,1.0,36.0
1062,6,3.0,1.0,,2.0,1.0,1.0,2.0,1.0,1.0,36.0
1063,2,3.0,2.0,1.0,2.0,1.0,2.0,2.0,1.0,1.0,2.0
1064,6,2.0,1.0,1.0,2.0,1.0,,2.0,1.0,,12.0
1065,1,1.0,2.0,1.0,1.0,1.0,1.0,2.0,1.0,1.0,0.0
1066,2,3.0,2.0,1.0,2.0,1.0,1.0,2.0,1.0,2.0,6.0
1067,3,3.0,2.0,1.0,3.0,1.0,1.0,2.0,1.0,2.0,14.0
1068,2,3.0,2.0,1.0,3.0,1.0,1.0,2.0,1.0,1.0,4.0
1069,3,3.0,2.0,1.0,3.0,1.0,1.0,,1.0,2.0,14.0
1070,3,4.0,2.0,1.0,3.0,1.0,1.0,2.0,1.0,2.0,18.0
1071,3,4.0,2.0,1.0,2.0,1.0,1.0,2.0,1.0,2.0,12.0
1072,3,4.0,2.0,1.0,2.0,1.0,,2.0,1.0,1.0,6.0
1073,3,4.0,2.0,1.0,2.0,1.0,1.0,2.0,1.0,2.0,12.0
1074,3,6.0,2.0,1.0,3.0,1.0,1.0,2.0,1.0,2.0,27.0
1075,2,2.0,2.0,1.0,3.0,1.0,1.0,2.0,1.0,1.0,3.0
1076,1,1.0,2.0,1.0,3.0,1.0,1.0,2.0,1.0,1.0,1.0
1077,3,3.0,2.0,1.0,2.0,1.0,1.0,2.0,1.0,1.0,4.0
1078,2,5.0,3.0,1.0,,1.0,1.0,2.0,1.0,2.0,10.0
1079,3,2.0,2.0,1.0,3.0,1.0,1.0,,1.0,1.0,4.0
1080,1,1.0,2.0,1.0,2.0,1.0,1.0,2.0,1.0,1.0,0.0
1081,1,1.0,2.0,1.0,3.0,1.0,1.0,2.0,1.0,1.0,1.0
1082,3,6.0,3.0,1.0,3.0,1.0,1.0,2.0,1.0,2.0,18.0
1083,3,3.0,2.0,1.0,2.0,1.0,1.0,2.0,1.0,2.0,9.0
1084,3,2.0,2.0,1.0,2.0,1.0,1.0,2.0,1.0,1.0,3.0
1085,2,4.0,3.0,1.0,2.0,1.0,1.0,2.0,1.0,2.0,5.0
1086,2,3.0,2.0,1.0,2.0,1.0,1.0,2.0,1.0,1.0,3.0
1087,1,1.0,2.0,1.0,3.0,1.0,,2.0,1.0,1.0,1.0
1088,5,6.0,3.0,1.0,3.0,1.0,2.0,2.0,1.0,2.0,15.0
1089,1,1.0,2.0,1.0,2.0,1.0,1.0,2.0,1.0,1.0,0.0
1090,6,2.0,1.0,1.0,2.0,1.0,1.0,1.0,1.0,2.0,48.0
1091,1,1.0,3.0,1.0,3.0,1.0,1.0,2.0,1.0,1.0,0.0
1092,2,2.0,3.0,1.0,3.0,1.0,1.0,2.0,1.0,2.0,4.0
1093,1,1.0,2.0,1.0,,1.0,1.0,2.0,1.0,1.0,1.0
1094,1,1.0,2.0,1.0,3.0,1.0,1.0,,1.0,2.0,2.0
1095,3,4.0,3.0,1.0,3.0,1.0,2.0,2.0,1.0,2.0,6.0
1096,3,4.0,2.0,1.0,3.0,1.0,1.0,2.0,1.0,2.0,18.0
1097,1,1.0,2.0,1.0,3.0,1.0,1.0,2.0,1.0,1.0,1.0
1098,3,4.0,3.0,1.0,3.0,1.0,1.0,2.0,1.0,2.0,12.0
1099,1,1.0,2.0,1.0,,1.0,1.0,2.0,1.0,2.0,2.0
1100,3,2.0,2.0,1.0,3.0,1.0,1.0,2.0,1.0,2.0,9.0
1101,3,4.0,2.0,1.0,2.0,1.0,1.0,2.0,1.0,1.0,6.0
1102,2,4.0,3.0,1.0,3.0,1.0,1.0,,1.0,1.0,4.0
1103,3,4.0,3.0,1.0,2.0,1.0,2.0,2.0,1.0,1.0,2.0
1104,3,4.0,3.0,2.0,2.0,3.0,1.0,2.0,1.0,2.0,48.0
1105,3,4.0,3.0,1.0,2.0,1.0,2.0,2.0,1.0,2.0,4.0
1106,1,1.0,2.0,1.0,3.0,1.0,1.0,2.0,1.0,1.0,1.0
1107,3,2.0,2.0,1.0,,1.0,1.0,2.0,1.0,1.0,2.0
1108,3,4.0,3.0,1.0,2.0,1.0,,,1.0,1.0,4.0
1109,3,3.0,2.0,1.0,1.0,1.0,1.0,2.0,1.0,1.0,2.0
1110,3,3.0,3.0,1.0,3.0,1.0,1.0,2.0,1.0,,4.0
1111,3,4.0,3.0,1.0,,1.0,2.0,2.0,1.0,2.0,6.0
1112,3,4.0,3.0,2.0,3.0,1.0,2.0,2.0,1.0,1.0,6.0
1113,3,4.0,3.0,1.0,2.0,1.0,2.0,2.0,,1.0,2.0
1114,1,1.0,2.0,1.0,,1.0,1.0,2.0,1.0,1.0,0.0
1115,3,3.0,2.0,1.0,3.0,1.0,,2.0,1.0,2.0,7.0
1116,3,3.0,2.0,1.0,3.0,1.0,1.0,2.0,1.0,1.0,7.0
1117,1,1.0,2.0,1.0,3.0,1.0,1.0,2.0,1.0,1.0,1.0
1118,3,4.0,2.0,1.0,3.0,1.0,2.0,2.0,1.0,2.0,9.0
1119,3,6.0,4.0,2.0,3.0,1.0,2.0,2.0,1.0,2.0,14.0
1120,3,4.0,3.0,1.0,3.0,1.0,2.0,2.0,1.0,2.0,6.0
1121,1,1.0,2.0,1.0,3.0,1.0,1.0,2.0,1.0,1.0,1.0
1122,3,4.0,2.0,1.0,3.0,1.0,2.0,2.0,1.0,2.0,9.0
1123,3,3.0,3.0,1.0,3.0,1.0,1.0,2.0,1.0,1.0,4.0
1124,3,6.0,4.0,1.0,2.0,1.0,1.0,2.0,1.0,2.0,9.0
1125,3,4.0,3.0,1.0,2.0,1.0,1.0,2.0,1.0,2.0,8.0
1126,1,1.0,2.0,1.0,3.0,1.0,1.0,2.0,1.0,1.0,1.0
1127,3,3.0,2.0,1.0,2.0,,2.0,2.0,1.0,2.0,4.0
1128,3,6.0,4.0,2.0,3.0,3.0,2.0,,1.0,2.0,40.0
1129,4,6.0,3.0,2.0,3.0,1.0,2.0,2.0,1.0,2.0,24.0
1130,3,3.0,3.0,1.0,3.0,1.0,2.0,2.0,1.0,2.0,4.0
1131,2,3.0,2.0,1.0,,1.0,2.0,2.0,1.0,2.0,3.0
1132,3,3.0,3.0,1.0,3.0,1.0,2.0,2.0,1.0,2.0,4.0
1133,6,5.0,,1.0,2.0,1.0,2.0,2.0,1.0,1.0,15.0
1134,3,3.0,3.0,1.0,3.0,1.0,2.0,2.0,1.0,2.0,4.0
1135,1,1.0,2.0,1.0,,1.0,,2.0,1.0,1.0,1.0
1136,1,1.0,2.0,1.0,3.0,1.0,1.0,2.0,1.0,1.0,1.0
1137,2,2.0,2.0,1.0,3.0,1.0,1.0,2.0,1.0,1.0,3.0
1138,6,3.0,1.0,1.0,2.0,1.0,1.0,1.0,1.0,2.0,72.0
1139,3,4.0,2.0,1.0,2.0,1.0,2.0,2.0,1.0,2.0,6.0
1140,3,6.0,4.0,2.0,2.0,3.0,2.0,2.0,1.0,2.0,27.0
1141,3,6.0,3.0,1.0,3.0,1.0,2.0,2.0,1.0,2.0,9.0
1142,3,3.0,3.0,1.0,2.0,,2.0,2.0,1.0,1.0,2.0
1143,2,4.0,2.0,1.0,2.0,1.0,2.0,2.0,1.0,2.0,4.0
1144,3,3.0,2.0,1.0,1.0,1.0,2.0,2.0,1.0,2.0,2.0
1145,6,3.0,1.0,1.0,3.0,1.0,2.0,2.0,1.0,2.0,27.0
1146,3,6.0,3.0,1.0,3.0,1.0,2.0,2.0,1.0,2.0,9.0
1147,6,2.0,1.0,1.0,2.0,1.0,1.0,2.0,1.0,2.0,24.0
1148,1,1.0,2.0,1.0,2.0,1.0,1.0,2.0,1.0,1.0,0.0
1149,6,3.0,1.0,1.0,,1.0,1.0,1.0,1.0,2.0,108.0
1150,2,3.0,2.0,1.0,1.0,1.0,2.0,2.0,1.0,,2.0
1151,3,6.0,4.0,2.0,2.0,3.0,2.0,2.0,1.0,2.0,27.0
1152,3,4.0,3.0,1.0,2.0,1.0,2.0,2.0,1.0,2.0,4.0
1153,2,3.0,2.0,2.0,2.0,1.0,2.0,2.0,1.0,1.0,3.0
1154,2,3.0,2.0,1.0,2.0,,2.0,2.0,1.0,2.0,3.0
1155,2,3.0,,1.0,2.0,,2.0,2.0,1.0,2.0,3.0
1156,2,3.0,2.0,2.0,3.0,1.0,2.0,2.0,1.0,2.0,9.0
1157,3,6.0,3.0,1.0,3.0,1.0,2.0,2.0,1.0,,9.0
1158,6,2.0,1.0,1.0,,1.0,1.0,2.0,1.0,2.0,24.0
1159,6,3.0,1.0,1.0,3.0,1.0,1.0,1.0,1.0,2.0,108.0
1160,2,3.0,2.0,1.0,2.0,1.0,1.0,2.0,1.0,2.0,6.0
1161,2,6.0,2.0,1.0,2.0,3.0,2.0,2.0,1.0,2.0,18.0
1162,2,3.0,2.0,1.0,1.0,3.0,2.0,2.0,1.0,2.0,4.0
1163,2,3.0,2.0,1.0,1.0,1.0,2.0,2.0,1.0,2.0,2.0
1164,2,6.0,3.0,1.0,,1.0,2.0,2.0,1.0,,6.0
1165,4,4.0,4.0,1.0,3.0,1.0,,2.0,1.0,2.0,6.0
1166,6,2.0,1.0,1.0,2.0,1.0,1.0,2.0,1.0,2.0,24.0
1167,6,3.0,1.0,1.0,2.0,1.0,1.0,1.0,1.0,2.0,72.0
1168,6,2.0,1.0,1.0,2.0,1.0,1.0,2.0,1.0,2.0,24.0
1169,6,3.0,1.0,2.0,2.0,1.0,1.0,2.0,1.0,2.0,72.0
1170,1,1.0,2.0,1.0,,1.0,1.0,2.0,1.0,2.0,2.0
1171,2,3.0,3.0,1.0,2.0,1.0,2.0,2.0,,2.0,2.0
1172,6,3.0,1.0,1.0,1.0,1.0,2.0,2.0,1.0,2.0,9.0
1173,3,6.0,4.0,1.0,3.0,3.0,2.0,2.0,1.0,2.0,20.0
1174,3,4.0,3.0,2.0,2.0,3.0,2.0,2.0,1.0,2.0,24.0
1175,6,3.0,1.0,1.0,2.0,1.0,1.0,2.0,1.0,2.0,36.0
1176,1,1.0,2.0,1.0,2.0,1.0,1.0,2.0,1.0,1.0,0.0
1177,2,3.0,3.0,2.0,,3.0,1.0,2.0,1.0,1.0,18.0
1178,2,3.0,2.0,1.0,1.0,1.0,1.0,2.0,1.0,2.0,3.0
1179,6,6.0,1.0,2.0,2.0,3.0,2.0,,1.0,2.0,216.0
1180,3,6.0,3.0,1.0,3.0,1.0,2.0,2.0,1.0,2.0,9.0
1181,6,4.0,1.0,1.0,3.0,1.0,1.0,2.0,1.0,2.0,72.0
1182,2,2.0,2.0,1.0,1.0,1.0,1.0,2.0,1.0,2.0,2.0
1183,2,2.0,2.0,1.0,,1.0,1.0,2.0,1.0,2.0,6.0
1184,1,1.0,2.0,1.0,3.0,1.0,,2.0,1.0,1.0,1.0
1185,1,1.0,2.0,1.0,3.0,1.0,1.0,2.0,1.0,1.0,1.0
1186,6,6.0,1.0,1.0,3.0,1.0,2.0,2.0,1.0,2.0,54.0
1187,2,6.0,3.0,1.0,3.0,1.0,2.0,2.0,1.0,2.0,6.0
1188,6,3.0,1.0,1.0,2.0,1.0,1.0,2.0,1.0,2.0,36.0
1189,1,1.0,2.0,1.0,3.0,1.0,1.0,2.0,1.0,1.0,1.0
1190,2,2.0,3.0,,3.0,3.0,1.0,2.0,1.0,2.0,24.0
1191,6,2.0,1.0,1.0,2.0,3.0,,2.0,,2.0,72.0
1192,1,1.0,2.0,1.0,3.0,1.0,1.0,2.0,1.0,1.0,1.0
1193,3,2.0,2.0,1.0,3.0,1.0,1.0,2.0,1.0,2.0,9.0
1194,6,6.0,1.0,1.0,2.0,1.0,2.0,2.0,1.0,2.0,36.0
1195,3,6.0,3.0,1.0,2.0,1.0,2.0,2.0,1.0,2.0,6.0
1196,6,5.0,1.0,,3.0,1.0,1.0,2.0,1.0,2.0,90.0
1197,1,1.0,3.0,1.0,3.0,1.0,1.0,2.0,1.0,1.0,0.0
1198,1,1.0,2.0,1.0,3.0,1.0,1.0,,1.0,1.0,1.0
1199,1,1.0,3.0,1.0,3.0,1.0,1.0,2.0,1.0,1.0,0.0
1200,3,2.0,2.0,2.0,2.0,1.0,1.0,2.0,1.0,2.0,12.0
1201,6,4.0,1.0,1.0,3.0,1.0,2.0,2.0,1.0,2.0,36.0
1202,2,6.0,2.0,1.0,2.0,1.0,2.0,2.0,1.0,2.0,
1203,6,3.0,1.0,1.0,,1.0,1.0,2.0,1.0,2.0,36.0
1204,1,1.0,2.0,1.0,2.0,1.0,1.0,2.0,1.0,1.0,0.0
1205,1,1.0,2.0,1.0,2.0,1.0,1.0,2.0,,1.0,0.0
1206,2,2.0,2.0,1.0,3.0,1.0,1.0,2.0,1.0,1.0,3.0
1207,1,1.0,3.0,1.0,3.0,1.0,1.0,2.0,1.0,1.0,0.0
1208,2,4.0,2.0,1.0,3.0,1.0,2.0,2.0,1.0,2.0,6.0
1209,2,6.0,3.0,1.0,2.0,1.0,2.0,2.0,1.0,2.0,4.0
1210,6,3.0,1.0,1.0,2.0,1.0,1.0,2.0,1.0,2.0,36.0
1211,3,3.0,3.0,1.0,,1.0,1.0,2.0,1.0,1.0,4.0
1212,1,1.0,2.0,1.0,2.0,1.0,1.0,2.0,,1.0,0.0
1213,1,1.0,2.0,2.0,2.0,1.0,1.0,2.0,1.0,1.0,1.0
1214,6,3.0,1.0,1.0,2.0,1.0,1.0,1.0,1.0,2.0,72.0
1215,6,4.0,1.0,1.0,3.0,1.0,1.0,2.0,1.0,2.0,72.0
1216,2,6.0,3.0,1.0,3.0,1.0,2.0,2.0,1.0,2.0,6.0
1217,1,1.0,2.0,1.0,,1.0,,2.0,1.0,2.0,2.0
1218,6,3.0,1.0,1.0,3.0,1.0,1.0,1.0,1.0,2.0,108.0
1219,2,3.0,2.0,1.0,3.0,1.0,1.0,2.0,1.0,2.0,9.0
1220,2,4.0,3.0,1.0,,1.0,1.0,2.0,1.0,2.0,8.0
1221,6,3.0,1.0,1.0,3.0,1.0,1.0,1.0,1.0,2.0,108.0
1222,3,3.0,2.0,1.0,3.0,1.0,1.0,2.0,1.0,2.0,14.0
1223,2,3.0,2.0,1.0,2.0,3.0,2.0,2.0,1.0,2.0,9.0
1224,1,1.0,2.0,1.0,2.0,1.0,1.0,2.0,1.0,1.0,0.0
1225,6,3.0,1.0,1.0,2.0,1.0,1.0,1.0,1.0,2.0,72.0
1226,2,3.0,2.0,1.0,3.0,,1.0,2.0,1.0,2.0,9.0
1227,2,3.0,2.0,1.0,3.0,1.0,1.0,2.0,1.0,,9.0
1228,6,4.0,1.0,1.0,3.0,1.0,1.0,1.0,1.0,2.0,144.0
1229,1,1.0,2.0,2.0,1.0,1.0,1.0,2.0,1.0,1.0,0.0
1230,6,2.0,1.0,1.0,2.0,1.0,1.0,1.0,1.0,2.0,48.0
1231,2,3.0,2.0,2.0,2.0,,2.0,2.0,1.0,2.0,6.0
1232,6,3.0,1.0,1.0,3.0,1.0,1.0,1.0,1.0,2.0,108.0
1233,6,3.0,1.0,2.0,,3.0,1.0,2.0,1.0,2.0,216.0
1234,2,3.0,2.0,1.0,2.0,1.0,1.0,,1.0,2.0,6.0
1235,2,4.0,3.0,1.0,3.0,1.0,1.0,2.0,1.0,2.0,8.0
1236,4,3.0,3.0,1.0,3.0,1.0,1.0,2.0,1.0,2.0,12.0
1237,1,1.0,2.0,1.0,2.0,1.0,1.0,2.0,1.0,1.0,0.0
1238,3,3.0,2.0,1.0,2.0,,1.0,2.0,1.0,2.0,9.0
1239,2,3.0,2.0,1.0,1.0,1.0,2.0,2.0,1.0,2.0,2.0
1240,2,3.0,2.0,1.0,2.0,1.0,1.0,2.0,,2.0,6.0
1241,6,3.0,1.0,1.0,1.0,1.0,1.0,2.0,1.0,2.0,18.0
1242,2,3.0,2.0,1.0,2.0,1.0,1.0,2.0,1.0,2.0,6.0
1243,2,3.0,3.0,,2.0,1.0,1.0,2.0,1.0,2.0,8.0
1244,3,3.0,2.0,1.0,,,2.0,2.0,1.0,2.0,4.0
1245,3,3.0,2.0,1.0,3.0,1.0,1.0,2.0,1.0,2.0,14.0
1246,1,1.0,2.0,1.0,3.0,1.0,1.0,,1.0,2.0,2.0
1247,2,4.0,2.0,1.0,3.0,1.0,1.0,2.0,1.0,2.0,12.0
1248,2,3.0,2.0,1.0,3.0,1.0,1.0,2.0,1.0,2.0,9.0
1249,2,2.0,3.0,1.0,3.0,1.0,1.0,2.0,1.0,2.0,4.0
1250,1,1.0,2.0,1.0,2.0,3.0,2.0,2.0,1.0,2.0,2.0
1251,1,1.0,3.0,2.0,3.0,1.0,1.0,2.0,1.0,2.0,2.0
1252,3,5.0,2.0,1.0,2.0,,1.0,2.0,1.0,2.0,15.0
1253,6,3.0,1.0,1.0,1.0,1.0,1.0,2.0,,2.0,18.0
1254,6,2.0,1.0,1.0,2.0,1.0,1.0,2.0,1.0,2.0,24.0
1255,6,4.0,1.0,1.0,2.0,1.0,1.0,2.0,1.0,2.0,48.0
1256,2,2.0,3.0,1.0,2.0,1.0,1.0,2.0,1.0,2.0,3.0
1257,2,2.0,2.0,2.0,1.0,1.0,1.0,2.0,1.0,2.0,4.0
1258,3,6.0,2.0,1.0,3.0,1.0,1.0,2.0,1.0,2.0,27.0
1259,3,2.0,2.0,1.0,2.0,,1.0,2.0,1.0,2.0,6.0
1260,6,3.0,1.0,1.0,2.0,1.0,1.0,2.0,,2.0,36.0
1261,1,1.0,2.0,1.0,2.0,1.0,1.0,2.0,1.0,1.0,0.0
1262,1,1.0,3.0,1.0,3.0,1.0,1.0,2.0,1.0,2.0,1.0
1263,1,1.0,2.0,1.0,,1.0,1.0,2.0,1.0,1.0,1.0
1264,2,3.0,2.0,1.0,3.0,1.0,1.0,2.0,1.0,2.0,9.0
1265,3,4.0,3.0,1.0,3.0,1.0,1.0,2.0,1.0,2.0,12.0
1266,1,1.0,2.0,1.0,3.0,,1.0,2.0,1.0,2.0,2.0
1267,1,1.0,2.0,1.0,2.0,1.0,1.0,2.0,1.0,2.0,1.0
1268,1,1.0,3.0,1.0,3.0,1.0,1.0,2.0,1.0,,0.0
1269,1,1.0,3.0,1.0,3.0,1.0,1.0,2.0,1.0,1.0,0.0
1270,3,4.0,3.0,1.0,3.0,1.0,1.0,2.0,1.0,2.0,12.0
1271,2,5.0,3.0,2.0,3.0,1.0,1.0,2.0,1.0,2.0,20.0
1272,3,6.0,2.0,1.0,3.0,1.0,2.0,2.0,1.0,2.0,14.0
1273,1,1.0,2.0,1.0,3.0,1.0,1.0,2.0,1.0,2.0,2.0
1274,2,6.0,3.0,1.0,3.0,1.0,,2.0,1.0,1.0,6.0
1275,2,4.0,2.0,1.0,2.0,1.0,1.0,2.0,1.0,2.0,8.0
1276,3,4.0,3.0,1.0,2.0,1.0,,2.0,1.0,2.0,8.0
1277,1,1.0,2.0,1.0,3.0,1.0,1.0,2.0,1.0,2.0,2.0
1278,1,1.0,3.0,1.0,3.0,,1.0,2.0,1.0,2.0,1.0
1279,1,1.0,2.0,1.0,3.0,1.0,1.0,2.0,1.0,,2.0
1280,1,1.0,3.0,1.0,2.0,1.0,2.0,2.0,1.0,2.0,0.0
1281,1,1.0,3.0,1.0,3.0,1.0,1.0,2.0,1.0,1.0,0.0
1282,2,4.0,3.0,1.0,3.0,1.0,2.0,2.0,1.0,2.0,4.0
1283,2,5.0,3.0,2.0,2.0,3.0,1.0,2.0,1.0,2.0,40.0
1284,5,6.0,3.0,1.0,2.0,1.0,,2.0,1.0,2.0,10.0
1285,2,2.0,2.0,1.0,2.0,3.0,1.0,2.0,1.0,2.0,12.0
1286,4,4.0,2.0,1.0,2.0,1.0,1.0,2.0,1.0,2.0,16.0
1287,2,3.0,2.0,1.0,1.0,1.0,1.0,2.0,1.0,2.0,3.0
1288,3,4.0,3.0,1.0,3.0,1.0,2.0,2.0,1.0,2.0,6.0
1289,1,1.0,2.0,2.0,3.0,1.0,1.0,2.0,1.0,2.0,3.0
1290,2,2.0,2.0,1.0,3.0,,1.0,2.0,1.0,2.0,6.0
1291,3,3.0,3.0,1.0,2.0,1.0,2.0,2.0,1.0,2.0,3.0
1292,6,4.0,1.0,1.0,3.0,1.0,1.0,1.0,,2.0,144.0
1293,1,1.0,2.0,1.0,2.0,1.0,1.0,2.0,1.0,1.0,0.0
1294,2,4.0,2.0,1.0,3.0,1.0,2.0,2.0,1.0,2.0,6.0
1295,3,5.0,3.0,1.0,3.0,1.0,1.0,2.0,1.0,2.0,15.0
1296,5,4.0,3.0,2.0,3.0,1.0,2.0,2.0,1.0,2.0,20.0
1297,4,6.0,2.0,1.0,3.0,1.0,1.0,2.0,1.0,2.0,36.0
1298,6,3.0,1.0,1.0,3.0,1.0,1.0,2.0,1.0,2.0,54.0
1299,3,6.0,4.0,1.0,3.0,1.0,,2.0,1.0,2.0,7.0
1300,1,1.0,2.0,1.0,3.0,1.0,1.0,2.0,1.0,1.0,1.0
1301,1,1.0,2.0,2.0,2.0,3.0,1.0,2.0,1.0,1.0,3.0
1302,3,4.0,3.0,1.0,3.0,,1.0,2.0,1.0,2.0,12.0
1303,2,4.0,3.0,1.0,3.0,1.0,2.0,2.0,1.0,2.0,4.0
1304,6,2.0,1.0,1.0,2.0,1.0,1.0,1.0,1.0,2.0,48.0
1305,2,2.0,2.0,1.0,1.0,1.0,2.0,2.0,,1.0,0.0
1306,3,5.0,3.0,2.0,3.0,3.0,2.0,2.0,1.0,2.0,45.0
1307,4,6.0,3.0,2.0,2.0,3.0,2.0,2.0,1.0,2.0,48.0
1308,4,6.0,3.0,1.0,3.0,,1.0,2.0,1.0,2.0,24.0
1309,2,3.0,2.0,1.0,2.0,1.0,1.0,2.0,1.0,2.0,6.0
1310,3,6.0,4.0,1.0,3.0,1.0,2.0,2.0,,2.0,7.0
1311,1,1.0,2.0,1.0,3.0,1.0,1.0,2.0,1.0,1.0,1.0
1312,1,1.0,2.0,2.0,2.0,3.0,,2.0,1.0,1.0,3.0
1313,3,3.0,2.0,1.0,3.0,1.0,2.0,2.0,1.0,2.0,7.0
1314,6,2.0,1.0,1.0,3.0,1.0,1.0,2.0,1.0,2.0,36.0
1315,6,4.0,1.0,1.0,3.0,1.0,2.0,2.0,1.0,2.0,36.0
1316,6,2.0,1.0,1.0,2.0,1.0,1.0,1.0,1.0,2.0,48.0
1317,6,3.0,1.0,1.0,3.0,1.0,1.0,2.0,1.0,2.0,54.0
1318,2,2.0,3.0,1.0,3.0,1.0,1.0,2.0,1.0,2.0,4.0
1319,2,5.0,3.0,1.0,2.0,1.0,2.0,2.0,1.0,2.0,3.0
1320,5,4.0,3.0,1.0,3.0,,2.0,2.0,1.0,2.0,10.0
1321,4,6.0,3.0,2.0,3.0,1.0,2.0,2.0,1.0,2.0,24.0
1322,6,3.0,1.0,1.0,2.0,1.0,1.0,2.0,1.0,2.0,36.0
1323,3,6.0,4.0,1.0,3.0,1.0,2.0,2.0,1.0,2.0,7.0
1324,3,3.0,3.0,1.0,3.0,1.0,2.0,2.0,1.0,2.0,4.0
1325,6,4.0,1.0,1.0,3.0,1.0,2.0,2.0,1.0,2.0,36.0
1326,6,2.0,1.0,1.0,2.0,1.0,1.0,1.0,1.0,1.0,24.0
1327,6,3.0,1.0,1.0,,1.0,1.0,2.0,1.0,2.0,36.0
1328,1,1.0,2.0,1.0,3.0,1.0,1.0,2.0,1.0,,2.0
1329,2,5.0,2.0,1.0,2.0,1.0,2.0,2.0,1.0,2.0,5.0
1330,5,4.0,3.0,2.0,3.0,3.0,2.0,2.0,1.0,2.0,60.0
1331,4,6.0,4.0,1.0,3.0,1.0,2.0,2.0,1.0,2.0,9.0
1332,2,3.0,2.0,1.0,3.0,1.0,1.0,2.0,1.0,2.0,9.0
1333,3,6.0,4.0,2.0,,1.0,2.0,2.0,2.0,2.0,27.0
1334,2,3.0,2.0,1.0,2.0,1.0,2.0,2.0,1.0,2.0,3.0
1335,2,2.0,2.0,1.0,2.0,1.0,2.0,2.0,1.0,1.0,1.0
1336,1,1.0,2.0,1.0,3.0,1.0,1.0,,1.0,1.0,1.0
1337,6,2.0,1.0,1.0,3.0,1.0,1.0,2.0,1.0,2.0,36.0
1338,4,4.0,3.0,1.0,3.0,1.0,1.0,2.0,1.0,2.0,16.0
1339,1,1.0,2.0,1.0,2.0,1.0,1.0,2.0,1.0,1.0,0.0
1340,6,3.0,1.0,2.0,3.0,1.0,2.0,2.0,1.0,2.0,54.0
1341,4,4.0,3.0,2.0,,3.0,2.0,2.0,1.0,2.0,32.0
1342,4,6.0,3.0,1.0,2.0,1.0,2.0,2.0,1.0,2.0,8.0
1343,6,3.0,1.0,1.0,3.0,1.0,,2.0,1.0,2.0,54.0
1344,3,6.0,4.0,2.0,3.0,3.0,2.0,2.0,2.0,2.0,81.0
1345,2,3.0,3.0,1.0,2.0,1.0,2.0,2.0,1.0,1.0,1.0
1346,1,1.0,2.0,1.0,3.0,1.0,1.0,2.0,1.0,1.0,1.0
1347,4,4.0,3.0,1.0,3.0,1.0,2.0,2.0,1.0,2.0,8.0
1348,1,1.0,2.0,1.0,3.0,1.0,1.0,2.0,1.0,1.0,1.0
1349,6,6.0,1.0,1.0,2.0,1.0,,2.0,1.0,2.0,36.0
1350,5,6.0,3.0,1.0,3.0,3.0,2.0,2.0,2.0,2.0,90.0
1351,4,4.0,3.0,2.0,2.0,3.0,2.0,2.0,1.0,2.0,32.0
1352,6,5.0,1.0,1.0,3.0,1.0,1.0,,1.0,2.0,90.0
1353,3,6.0,4.0,2.0,2.0,1.0,2.0,2.0,2.0,2.0,18.0
1354,2,4.0,2.0,1.0,3.0,1.0,2.0,2.0,1.0,2.0,6.0
1355,4,6.0,3.0,1.0,3.0,1.0,1.0,2.0,1.0,2.0,24.0
1356,6,3.0,1.0,1.0,2.0,1.0,2.0,2.0,1.0,2.0,18.0
1357,5,3.0,2.0,1.0,2.0,1.0,2.0,2.0,1.0,2.0,8.0
1358,4,4.0,3.0,2.0,2.0,1.0,2.0,2.0,1.0,2.0,11.0
1359,6,3.0,1.0,1.0,2.0,1.0,1.0,2.0,1.0,2.0,36.0
1360,3,6.0,4.0,2.0,2.0,3.0,2.0,2.0,2.0,2.0,54.0
1361,6,3.0,1.0,1.0,1.0,1.0,2.0,2.0,1.0,2.0,9.0
1362,4,3.0,3.0,1.0,3.0,1.0,1.0,,1.0,2.0,12.0
1363,6,3.0,1.0,1.0,2.0,1.0,2.0,2.0,1.0,2.0,18.0
1364,5,3.0,,1.0,2.0,,2.0,2.0,,2.0,8.0
1365,4,3.0,2.0,2.0,2.0,3.0,2.0,2.0,1.0,2.0,36.0
1366,6,3.0,1.0,1.0,2.0,1.0,1.0,2.0,1.0,2.0,36.0
1367,3,6.0,4.0,2.0,,1.0,2.0,2.0,2.0,2.0,18.0
1368,6,3.0,1.0,1.0,2.0,1.0,2.0,2.0,1.0,2.0,18.0
1369,2,3.0,2.0,1.0,2.0,1.0,2.0,2.0,1.0,2.0,3.0
1370,1,1.0,2.0,1.0,3.0,1.0,1.0,2.0,1.0,1.0,1.0
1371,1,1.0,,1.0,3.0,1.0,,2.0,1.0,,1.0
1372,6,3.0,1.0,1.0,3.0,1.0,1.0,1.0,1.0,2.0,108.0
1373,6,3.0,1.0,1.0,2.0,1.0,2.0,2.0,1.0,2.0,18.0
1374,4,4.0,2.0,2.0,3.0,1.0,2.0,2.0,1.0,2.0,24.0
1375,6,3.0,1.0,1.0,3.0,1.0,1.0,2.0,1.0,2.0,54.0
1376,3,,4.0,2.0,2.0,3.0,2.0,2.0,2.0,2.0,54.0
1377,6,3.0,1.0,1.0,3.0,1.0,2.0,2.0,1.0,2.0,27.0
1378,2,4.0,2.0,1.0,2.0,1.0,2.0,2.0,1.0,2.0,4.0
1379,3,4.0,2.0,1.0,3.0,1.0,1.0,2.0,1.0,2.0,18.0
1380,3,3.0,2.0,1.0,3.0,1.0,,2.0,1.0,,14.0
1381,2,3.0,2.0,1.0,1.0,3.0,2.0,2.0,1.0,2.0,4.0
1382,6,3.0,1.0,,2.0,1.0,1.0,2.0,1.0,2.0,36.0
1383,3,6.0,4.0,2.0,3.0,3.0,2.0,2.0,2.0,2.0,81.0
1384,2,2.0,2.0,1.0,2.0,1.0,2.0,2.0,1.0,2.0,2.0
1385,3,2.0,2.0,1.0,3.0,,1.0,2.0,1.0,2.0,9.0
1386,4,4.0,2.0,1.0,3.0,1.0,1.0,2.0,1.0,2.0,24.0
1387,2,2.0,2.0,1.0,3.0,1.0,1.0,,1.0,1.0,3.0
1388,4,6.0,4.0,1.0,3.0,1.0,1.0,2.0,2.0,2.0,36.0
